10404
2932
2172
3368
4211
6706
1030
3343
7958
4450
5711
8099
4248
11794
8369
11117
11500
3145
6099
4426
1999
7291
9061
6082
8964
8458
514
10663
11029
926
5321
11597
11433
5077
3001
10148
10413
11953
3359
1244
2920
10026
2989
11140
3738
5752
3626
8000
8467
10887
10355
6038
5545
10170
7130
4696
1581
3106
4809
6640
1785
9011
1109
9975
11087
11284
6425
11081
5821
3115
10355
890
10416
6381
7090
1143
10525
8424
3488
8342
3399
5768
9680
11601
18
3484
10494
6495
3599
10026
4767
4266
7609
9783
6787
2376
3225
9429
5633
2424
5454
11358
10131
2810
6692
8033
1404
8314
2517
11092
11689
6866
2853
4284
3104
9334
10350
8118
1518
6989
4974
2074
406
9641
7252
7759
3794
8988
2467
9167
9905
2822
10361
10416
4060
51
7464
6911
2672
8299
8206
833
1814
964
10248
10165
5942
9145
1285
10172
4709
5696
8605
3355
4658
3988
5207
2283
11681
10530
3142
9596
3748
4664
5940
10641
11287
1910
9617
773
2865
6299
3730
7327
570
3180
10312
7544
10431
7492
9212
8508
8724
7373
9533
11140
10754
5259
2282
11812
4868
10236
1241
5928
5040
434
11273
41
4232
660
7897
630
10072
4169
4959
8633
6037
8685
4534
5129
9368
3228
979
5290
11381
2243
1139
4778
10613
739
5175
5209
414
2835
7364
11156
6158
73
11436
8326
3113
1284
2620
5157
8388
6525
6563
7995
4936
1759
1612
11366
10747
4467
11728
11534
7673
9232
8347
5625
4227
2652
3045
4045
4772
6534
2667
8722
2118
3330
834
5947
5454
6206
10365
2112
4800
5850
8085
5627
4892
1279
10902
608
7392
2432
9708
7639
4778
2191
3815
7952
51
10767
7092
7879
11550
1993
5818
4185
9716
11117
5524
10144
2590
3017
5673
8761
7075
6599
7021
9511
9690
1187
2867
2289
9599
8316
4110
2943
4073
7138
7145
8867
6387
2001
9124
6560
2276
6312
10939
7889
5654
3867
534
1984
11189
3212
9752
7285
4644
4306
6888
1186
9542
9982
4527
1080
8768
9131
11883
2256
10142
10476
7072
5233
1766
7030
3136
7519
10161
6003
558
8631
11690
6891
10192
2408
11758
11914
2167
3206
492
3686
4304
545
10345
9190
5907
8070
4044
10571
3562
11411
6792
2229
6670
5587
4348
9887
9886
6056
6856
980
9562
10329
2765
2727
7446
7272
10154
606
3550
2806
10045
3744
3057
1624
5947
10853
1487
2923
7951
10861
8094
9797
8060
10277
11550
9055
293
6573
8463
6642
8219
3534
137
11688
10144
2503
8193
9390
6100
2870
5290
5536
3048
9880
7182
7399
1403
10006
10654
11054
7027
1617
4655
9912
4231
5578
9055
11271
7161
6662
2865
11206
3070
4312
3727
873
11550
286
599
11577
692
9103
10237
11444
4466
991
5035
7572
3244
157
5143
3792
9467
7700
9484
11900
6842
2405
10466
1297
8288
1903
7575
10426
4961
1304
1979
1172
4304
2442
9429
6692
6915
8256
4399
7584
6360
7581
4368
7375
730
3770
7497
5552
11751
10069
9699
9097
701
5573
194
9542
10181
9832
130
2027
10931
7817
2689
11666
9461
11990
7363
8683
3150
8566
3644
5442
2776
864
10400
11352
10119
9741
507
11999
4289
3640
8125
8572
6894
8671
7989
2670
6899
366
8702
77
11270
3456
10758
10897
6943
3956
9327
2626
9691
1282
7398
9352
3636
869
6893
10158
1925
9881
7670
7217
4054
10141
11119
6671
4797
7290
4127
9533
7446
5423
10666
11268
2280
8111
2136
11535
5680
11732
1812
5773
251
11399
3341
11907
3618
7550
230
6352
11182
2398
8627
7881
6217
9964
7392
3559
1090
3258
1617
10078
6150
3515
2175
2219
2043
2927
8773
10046
8746
426
7207
11589
8481
7383
11112
4387
2048
6882
6484
7188
10701
10378
1622
2416
10787
9025
9834
8764
5771
11868
5401
7269
4054
11363
10741
1768
9171
10297
2568
11364
5492
7226
7110
8798
9473
5908
9002
2170
1785
3976
5493
8407
3340
7259
8949
1178
4245
616
4338
1718
11158
105
548
6004
9304
10494
2799
2260
576
8829
10320
8553
2690
8745
664
3429
8279
11583
7659
1155
11107
11183
5937
5032
9259
1318
1396
5609
4184
2266
9627
3306
9911
7884
3458
7034
4532
8852
10291
7845
4231
7339
3672
1476
10664
7384
5876
7854
11419
7682
6784
9175
597
3191
5408
5163
8181
3151
5704
4412
10942
11587
8071
6399
4039
8273
8058
3879
1247
9405
8231
1766
6930
1820
8069
6469
8424
684
3941
8834
1393
9877
2830
8416
7035
7144
1490
10765
4659
8151
11004
8718
10241
1136
11522
5406
4913
10729
7002
6750
1216
5742
11286
660
9048
7434
10698
9002
7812
1684
6567
10559
10196
2967
11705
4840
275
3735
5827
1463
336
5987
10276
6253
2824
273
10127
4812
276
11324
3871
9462
8859
4689
5349
3843
10309
9483
3441
3347
632
2276
6300
8696
3824
607
10464
8597
5145
11319
1202
5338
5203
5089
8795
2507
1089
10
8160
6724
8258
5980
4375
7353
10626
3906
2111
5604
10539
1392
4827
11254
4788
11558
1847
3424
9790
41
2013
5445
10319
5015
9609
4715
3864
126
11580
4901
4730
4870
2842
1409
2382
6697
10545
6207
5390
8499
637
10505
1435
1694
978
7608
5420
1188
2402
3489
7634
11833
10814
3169
213
6814
7327
959
8800
2488
1841
9957
3370
3740
2171
8845
7584
781
5937
10165
1834
2619
11940
3662
9325
2006
9558
5106
7043
9749
10968
9234
2437
8591
9569
8998
1873
10682
10994
10270
8625
1763
6435
5462
6199
3731
9738
3254
7216
9082
3833
647
6836
8073
2552
8051
8926
2008
2722
9920
4681
10094
10682
10649
5329
8708
4934
10023
2854
6666
10685
2467
3349
2222
8306
11639
2611
7029
554
8656
9064
3212
2435
2270
4851
1927
9105
792
8111
11429
1070
4367
6009
7705
2138
413
5003
7082
6211
4615
4115
8004
1978
10794
6648
2294
5941
5315
9841
2752
7882
5401
6358
5792
3069
7764
309
5112
3899
445
3666
7022
2590
4575
8481
10051
7718
1938
2227
4855
9048
843
3897
9221
9041
4701
3111
1052
3818
3088
3599
9808
9048
7722
1781
1666
7381
1891
2991
6028
3480
1303
56
549
10609
1154
3473
10940
6904
4411
11356
6139
6138
5893
8620
7243
2692
5647
4516
7692
5853
3495
7713
2744
6276
268
10485
8144
5537
363
4421
7153
212
6685
7184
1759
4744
10861
7420
1876
6614
8835
4840
5745
923
6482
10759
1499
1482
1884
1082
6010
11851
4181
6758
8611
2505
9658
6100
4225
3425
7763
5251
2643
4852
5226
5151
8367
10853
11269
11950
10416
6519
5072
4740
3917
284
282
5738
9029
7769
10257
11738
5887
4955
10066
5698
2808
4221
11013
1745
6830
4850
2453
9651
6945
8125
10178
8024
11038
5975
10437
9022
9520
3369
11892
9241
63
10250
6336
11818
10583
6787
8992
5373
1766
2094
8511
8521
11949
3272
5507
2045
6033
8735
8507
10688
2393
5294
5691
10592
1364
6291
11573
7060
9915
10322
7
6155
1481
10690
6470
8975
7734
4725
5492
5116
6135
11437
7492
11875
3708
9700
4905
6135
11291
9321
2614
2722
9823
11743
4118
10128
6850
2067
4708
2097
11441
7257
10125
1444
11094
5014
9720
794
10980
9803
11130
3580
2007
4832
4760
1706
7685
3559
7111
1677
4674
11364
4008
8787
6171
9542
10300
7154
8887
3603
9361
11903
5415
2111
9979
2726
6175
876
11744
7357
6849
4336
7038
1133
6399
1267
8017
896
11250
9746
10706
9871
5095
338
11379
2979
1084
5026
861
9202
7736
6184
204
5126
3981
11195
6381
5783
4086
5870
5243
1122
5
3821
8908
11161
4813
9314
10078
11896
2408
7819
8492
1462
3543
11633
2789
3844
8522
5370
2504
1572
6512
6026
3737
1430
467
6521
4262
8081
11001
2227
5376
1816
10356
11005
2774
8321
8719
8573
3039
10363
3652
824
8037
7763
9312
10748
10601
2762
9363
10159
5299
5098
10159
7233
5949
6630
4741
10126
4714
1276
9638
8520
6182
6322
1154
8955
3816
11812
8030
6132
7451
1801
813
3119
7219
6653
3227
4500
7384
3336
1012
5965
10979
4908
3430
7735
6992
10826
9566
11395
6033
2727
9992
356
11994
5559
2107
5142
10146
3631
10588
7
8482
9197
6925
7200
8764
3597
1884
11217
10840
3779
2004
11924
232
2186
3876
248
6841
1545
7955
7387
7763
6009
7064
2085
11859
4378
7478
6509
7600
5839
641
5598
3086
3651
9070
1519
1792
7659
4872
9939
11715
6298
11611
8304
10997
8933
9816
215
5972
3876
1528
10160
5737
6423
1590
1488
4955
8442
9197
9543
1539
4820
8329
1130
2174
6022
2242
3319
6362
10505
5008
616
724
5484
8442
81
3750
9729
11323
4762
9022
3604
11867
9091
2122
5508
11776
11485
5013
2115
8958
5357
3633
10540
2153
8114
11778
11556
2199
10445
1011
4425
1564
7312
10466
3696
56
11522
5805
10495
4202
2640
7461
5348
10868
8204
6463
6554
4019
2827
11727
1348
9336
11757
9660
10816
469
6783
5221
1530
1318
4180
9299
3337
4504
395
4337
5451
3567
11743
6600
6256
6977
11181
1258
9700
10101
6494
3720
1113
6651
7806
9178
1569
7880
317
4295
569
5959
10551
6287
5886
11452
3061
9351
6804
5704
1746
8459
2805
5241
11296
11998
11901
8860
8242
11552
5360
9166
5250
9321
6511
10658
10940
3253
564
6230
6463
4905
2097
3115
11458
7384
866
1781
11710
2402
3042
1193
952
6585
11748
7112
5741
5568
11944
4742
11158
312
272
7044
6378
7193
10358
5415
10683
2057
367
10212
2529
342
4322
6720
620
10715
1650
7679
8651
339
10935
4378
6509
6028
3582
4579
6215
8893
9288
9168
2689
9018
7764
4455
1729
10816
2060
5418
121
11337
149
8952
1850
738
1066
5325
3681
447
1993
2552
9140
4243
5041
2274
4016
10573
7314
3018
1011
849
4984
1318
3972
317
11677
9214
1420
7259
7337
8011
10671
8895
4099
4975
9824
6291
8304
3736
11256
1878
864
709
10986
9932
11613
10737
1380
8396
11040
1383
4154
7908
4997
4991
6466
2698
6511
8585
5159
224
5722
2118
2778
6011
8316
11318
1988
3065
427
8488
8383
11603
8077
7212
3378
4503
3600
693
5014
10982
10332
2815
10968
5425
5963
3579
2902
6155
4558
4637
570
8094
7087
3977
11620
3857
2692
3624
1100
9782
5508
4327
6978
2684
4932
6726
2706
1881
2668
7370
11032
11046
11625
4242
4653
1933
7954
2054
9238
4860
10036
4602
516
4967
11143
11862
7800
916
11803
7260
1203
7609
11557
5695
9274
4819
3852
3384
7387
9356
4206
2525
11453
3444
2604
992
1867
6437
6236
7945
5598
6828
8230
2225
11425
8708
5960
11821
1050
3401
6788
7415
2705
4962
7789
3203
10278
7506
3017
3637
3690
9123
1340
9680
3397
9100
9591
6393
5290
10707
10036
3318
232
10585
5626
10125
4611
3984
5473
10404
2932
2673
247
6207
2452
9286
4881
9119
3216
10217
4004
2108
10560
2835
11945
6345
1288
5915
1930
2378
7200
10565
4299
3758
459
8836
1048
11147
10604
316
5998
10394
4530
3656
117
10789
10803
1859
10239
9841
11988
3558
8420
6453
7436
11140
652
9256
4051
6692
3375
1096
8053
6189
10453
351
10616
7134
7797
8717
465
9114
5740
1535
5156
8259
2566
452
11701
11579
6252
5383
6608
1445
5540
5211
9088
4218
7870
6601
1307
8050
2477
1511
2051
5397
6169
660
9010
9549
6784
8203
10123
11721
3308
2267
8046
1790
11875
4738
9750
11756
3561
3855
1660
4268
10948
10663
11429
3340
5786
1252
6581
2344
9971
9013
1720
5942
4122
709
11865
7333
10670
1264
3685
2461
11225
8453
7059
2380
3325
4534
8292
11910
1319
6942
1747
1058
165
8686
346
5394
9385
8996
9495
4581
11159
10017
5483
4808
1755
7964
8272
6587
11001
1207
3771
10678
437
5108
379
5395
9091
4187
2474
8562
10449
10383
9937
10658
1296
7607
11523
6437
10458
11763
2966
10341
5303
9577
4233
10499
6039
7308
6140
10937
345
9347
8835
5779
3834
5135
7214
2854
3117
10607
11330
11023
7909
7453
3214
5886
10659
6064
1260
4239
10613
9856
1413
4689
6
11983
2909
10334
1235
2030
9142
7190
9430
8354
9485
9278
6750
7051
3487
5853
5014
3368
4847
10194
1954
7447
6929
8711
7422
11854
8310
3819
9292
5189
1948
10102
8605
4371
9070
740
3656
9798
8666
2012
3277
6617
7814
5838
8481
3719
4548
9975
6937
3819
2047
10352
4396
9153
4245
8413
7246
3793
6686
1996
6775
11509
8580
5378
2549
3331
466
8547
11430
1642
2764
1593
8342
1595
3721
1318
2796
6077
6866
11716
11478
3189
4059
3947
5868
1339
4590
2754
10915
4572
1500
10926
10198
7627
11411
3562
10793
8505
3620
7274
5257
11939
6102
6312
2648
6174
8234
11809
9451
9871
4726
3894
552
1687
2187
9397
2080
2232
7104
6149
3976
610
7781
646
6561
1655
4836
856
6183
7199
7393
4430
178
11383
2908
8407
926
6019
11836
7680
695
1384
9937
10079
3282
2616
993
3873
11092
5994
3090
828
7377
8912
8296
622
10743
2232
8747
543
10840
5985
11565
11803
4331
10977
10921
4645
10748
3935
3788
4625
10788
2166
2519
1995
10885
9471
8369
3101
9561
4209
5462
11011
11099
2918
10382
285
8510
4753
8725
3902
550
5308
6403
6751
4713
1004
4341
11987
3663
7220
6457
1702
8506
8767
4414
11957
2562
2047
4606
150
4016
10360
9193
66
6796
9371
9763
8578
10529
4600
7244
4129
4151
1092
3244
4502
3947
1016
7779
2255
9342
6017
4632
6373
658
7462
179
8269
10383
11547
10473
3226
9111
3308
2768
10691
11433
4158
5378
8498
1380
1378
5868
7249
1914
1343
8061
1439
35
4808
1203
7808
8701
2676
9858
2555
6599
3989
4686
1657
7170
6682
2292
4464
4891
5777
6630
8066
9919
3176
5208
10637
11568
6139
2452
8040
6939
9757
10040
5399
5131
400
7895
2198
10052
8106
7754
5655
11736
8272
1820
10683
1392
10784
10009
11724
5054
9830
6628
2034
8746
184
11091
1729
528
3614
3338
4949
5531
323
9155
8961
7290
5019
5387
11848
8228
5127
4337
618
8041
10158
6183
6158
3045
5904
2269
11379
8208
1352
10473
4264
8628
3659
6555
4193
6652
1444
2560
6011
8598
2933
10743
1742
7240
7078
7424
2711
6728
10834
3351
2969
1567
6141
7787
2566
4539
7921
2493
6113
137
11532
11178
416
4131
4646
7641
6670
281
10415
35
1761
10029
11983
11076
9692
10138
7158
4904
9950
6849
9943
10588
2853
10959
5100
3757
8479
589
649
3949
7712
7064
3335
1513
9316
10318
7625
8720
5571
3736
3676
10772
1162
8082
5976
9935
5380
8335
1986
5833
6592
11826
11154
5209
8084
8957
1023
9033
3975
11099
4940
7826
8857
7908
995
3456
1114
8377
4353
3328
1619
10314
10987
5061
10515
5777
6138
2186
1294
3136
7419
6268
3207
9964
10503
10077
6180
10921
8739
10059
5059
11046
6787
4311
5913
5549
6489
4635
10465
2266
10733
7982
11394
2307
11933
7681
3377
2275
6012
8358
2131
5561
420
273
6572
8779
5716
9071
1414
10333
6652
5494
11076
7372
8438
4661
732
5089
3012
5784
683
6346
10656
5008
9869
8019
163
8094
1488
11270
71
204
8091
4108
8044
4865
5336
134
1569
11418
6851
1312
2465
1904
3131
10868
10491
4278
5435
7113
9470
11189
6921
14
10869
8363
7961
5763
2624
5645
2678
10371
3319
9294
9166
7515
7413
3960
6693
375
6241
11013
3394
4127
5919
466
5511
11061
9007
8785
2212
3951
5949
10138
6331
5349
2820
462
1071
10889
5779
9764
7791
1492
1899
10570
6440
6521
8698
3330
4047
9468
6665
8746
9826
9707
4514
10661
6096
2100
7613
3094
2110
2941
6201
9369
7236
11738
11523
4001
4626
9783
4849
7161
2598
2241
2698
936
376
10628
9104
4544
7680
9133
6894
1823
11853
11151
2248
6977
11784
11646
8607
7491
10834
4690
1125
8521
9295
11519
3402
777
8621
4886
8041
4028
2724
4301
1951
8824
6113
3861
9843
5922
6423
11987
9446
94
2147
2243
1342
8611
10901
751
7063
4697
9527
8335
1246
2584
2674
2619
1158
9523
7165
2705
7772
11240
5558
6821
4849
10768
11754
11535
119
6485
4318
5673
11664
9374
11390
2965
10972
6162
10626
6756
11940
1954
10577
7803
10194
11345
6214
6187
9621
10719
7024
4822
2909
8547
5172
4798
141
6982
11665
2007
4112
899
294
8005
5073
5769
10316
4002
10998
11337
5407
1166
10182
92
8401
3077
1185
3839
594
3231
4596
6425
3160
1905
11993
7782
10241
4472
9747
3931
6762
7451
10948
1431
6827
5097
1733
8998
6752
10262
2699
1641
8378
2547
5827
1606
5240
2457
4506
5800
8506
6258
8736
11103
5278
6725
5470
11056
4962
5704
9350
11911
7811
7607
3689
2892
11613
505
3596
2721
1664
3378
2500
89
1774
405
2112
9730
3954
3818
5989
6106
9817
1906
2381
9441
7366
6163
8925
7954
8968
11368
8015
9612
5714
8551
3309
10592
2234
7361
10859
1861
8202
3232
2702
1892
10358
2077
10581
6510
3813
2874
4496
10232
3741
4585
5423
1177
8242
224
5309
11742
8251
3734
10788
7703
4806
4451
7678
11283
5828
7510
9320
2927
1735
456
7215
166
9828
10617
3182
5880
11289
4442
396
696
2005
5110
6160
923
11092
8047
8171
2559
9073
7861
8301
7403
11146
2335
5536
7112
11754
9648
8739
9341
4903
11949
10283
2625
6243
5679
11383
1735
5851
698
11051
8515
1018
6342
1147
4991
2016
4917
5888
5622
10893
1976
5381
10051
11812
1848
5482
4573
5260
2458
184
11759
7652
7386
2222
3285
10439
11411
270
3006
4759
446
5286
7643
5038
1820
2058
9214
3571
6279
4896
4418
6276
10865
4653
5687
5191
2014
7946
6449
4156
6747
395
7397
10285
6734
2148
5159
3441
11337
9658
11733
10855
1373
8884
4431
4340
5403
9537
5773
11314
10749
3919
911
7819
10259
5143
622
10278
11001
4175
6767
2476
10582
3136
10359
9497
757
9703
9959
893
10241
10190
4140
11353
1314
9054
10070
4384
11902
2054
7021
5341
6121
7204
6738
6061
2221
3891
12
6959
10877
2214
745
1148
3426
5548
4951
11424
6538
7790
10795
466
3060
2447
10711
3638
516
5916
4040
9986
8715
11762
305
836
2386
4742
1405
2408
9535
548
5435
11314
9379
7881
9742
5666
1279
1508
10019
11682
5977
4302
11873
4277
6769
11056
7260
57
6894
6985
8566
478
2474
11352
1794
5612
7739
3511
1492
9048
1083
4986
3461
9904
10669
8754
1204
2747
2809
1984
2259
2415
7316
4854
3193
8312
11263
9787
1009
11711
8297
645
10058
3888
672
7906
5298
4651
7592
1695
848
3866
247
11906
5232
5066
1097
9145
3621
14
8491
10390
10553
6332
1640
511
10255
6840
5249
5666
11661
11246
7768
4635
3566
6096
8301
7757
6098
7650
6586
1923
9793
8370
4283
2433
5031
3207
9966
8087
8468
8653
6745
939
9286
5752
6398
6522
2747
11831
5131
6078
7473
6648
1806
9525
4229
7009
3491
8342
3765
3562
1601
3494
1312
598
2713
8738
1858
6093
5287
4309
7156
5082
11073
8004
6672
6650
3907
8044
10257
3375
2897
873
332
10040
9631
9198
1721
7727
148
5056
7989
2144
5772
9609
4266
11049
10713
1625
6
5145
8550
4220
6986
3623
4191
2468
4080
9696
2869
4879
959
3103
1004
7469
11830
9467
9438
10334
1704
711
5588
1109
11399
6491
3494
1603
7574
5585
9494
9154
632
2735
8475
8889
2093
170
5173
11084
6359
8300
6880
11203
3324
6599
2268
10960
6334
3694
9666
8885
10276
10953
5173
8384
1389
586
4442
174
11429
11366
9695
10232
8334
471
9784
4022
7398
2854
7582
10825
11155
1654
9942
10294
2812
2819
2747
3221
7064
4001
3256
5558
9417
8139
9952
3286
10945
11845
4574
9615
9483
5755
9767
11225
4722
2497
954
948
11556
5709
4608
6244
1243
10778
6974
8265
9574
8517
11632
1014
11169
2968
8917
296
7441
1821
11291
5605
4462
8647
10150
1039
10060
242
5359
5567
8999
9783
8987
8595
4903
1346
5207
1830
11851
1554
7328
6792
9150
9649
2126
7093
3792
6278
7379
1760
8449
7585
10517
4365
6577
4894
4738
6620
343
7363
1708
8358
9525
5418
1162
8472
10412
8620
5234
1359
8978
2784
3296
2848
168
1804
9344
10306
11159
7501
665
3803
8770
4218
3551
6686
5986
11544
3232
811
9582
10612
5021
9974
6400
2905
5807
4650
9636
7289
9585
10255
10725
11219
1622
3431
11047
9617
3184
707
635
1892
2346
958
8418
1875
4544
5631
6273
3153
857
587
7285
9365
4864
4672
9034
1449
8054
4744
3658
7697
9326
4938
7613
7608
10018
7293
11691
1182
4226
11659
11820
3184
6806
6915
1534
5248
516
11070
7732
7425
9186
663
8427
6795
7549
10193
722
4258
4601
3887
5043
3429
9837
1188
5914
11741
2668
1675
8189
9481
10614
8934
2599
3378
9500
3999
5844
3734
4991
11529
4190
5747
11148
7735
1639
789
522
6372
2220
3827
1478
7720
8786
10985
1947
5495
1969
8492
8751
10033
8519
4789
11939
10827
10238
7541
6219
3657
11099
603
6634
11052
6835
4737
3042
5703
418
1872
3747
8739
6316
6238
2805
10363
2259
4446
8067
5416
7518
8859
11940
10771
3241
10104
6134
7257
3442
11591
7352
1932
2529
9168
4888
9048
11037
2788
3548
7907
1317
6117
4093
1125
11406
10448
2553
11404
2163
9146
11332
10931
6017
6011
8922
2970
9203
3556
7354
1871
1442
7098
7147
9949
11294
3945
610
7155
2172
7606
5740
4353
5147
7067
724
3274
10067
2586
3309
11871
10478
6332
7731
2796
7969
6331
10910
3121
8231
3831
8866
9154
4058
1074
3969
3387
11928
6832
1712
7090
451
8757
4093
7949
5178
10653
5482
9438
4634
1245
2037
1220
9406
8840
1251
3904
1246
3452
149
8853
8837
2584
8934
6531
8782
2763
11570
6973
2792
8271
7790
11506
737
1207
502
7727
2337
5110
10275
1988
1773
9772
2838
7313
7329
7760
2013
9632
411
3310
9433
1662
2914
7863
3707
9473
6845
1440
1339
1947
5526
11415
9767
3847
11376
11870
1288
9081
11410
5899
5463
4022
10054
7563
8712
5394
3752
6102
3400
5206
3046
4181
613
647
9438
6518
7105
5603
6299
7199
3578
4555
7488
7297
4526
3206
14
9144
5211
4995
10233
7622
1247
2967
4523
4358
4319
10078
5255
7466
10204
10048
9073
3722
10115
11237
1160
1630
1704
11803
10083
10745
7752
3523
3214
1002
549
2176
10430
7458
6485
10275
11902
10939
4054
9184
2285
1531
1746
2322
8441
7710
9758
5137
7078
9022
9439
916
2315
4921
629
2314
9105
6194
9754
8538
2863
4829
2556
3711
6352
6818
784
2773
7964
4486
7924
9573
9068
4384
5261
3414
9885
1616
6073
7363
11641
1636
8687
9967
9317
8173
4432
7850
2309
4858
2168
5731
7665
10463
11134
974
6286
7344
6258
11628
10622
9798
896
8184
4802
1441
3081
7948
7084
4564
8975
2881
7650
1633
7062
1189
10453
5649
8986
1694
7757
4045
3535
154
370
139
1380
8203
5341
2813
3545
4485
1927
9222
10396
9815
4194
6738
10131
3806
2406
5191
2242
3470
5635
2640
6387
636
8592
7509
4365
4814
4693
6846
6603
1265
10703
8816
539
10553
8048
1209
10778
5737
5987
8834
7622
6624
300
9119
5802
7138
10042
5064
10743
9882
4090
5881
3611
1342
10878
8228
740
1958
10628
8929
1601
11404
3803
9339
635
965
4189
259
5603
1746
8158
8361
6933
3729
7103
8527
6723
4345
5947
1350
2565
2205
2791
9221
10328
2057
9428
6014
9256
4765
5408
336
2492
5274
11684
4610
6111
8013
7621
1979
6186
5077
9245
10099
235
11818
9080
7301
10510
5056
799
8479
10167
5215
7127
11212
3280
970
1037
1227
1923
9871
2288
6275
4242
8427
3673
2756
464
6761
2094
6216
11227
1731
10704
6826
2366
6748
9783
4462
2538
2111
7944
10816
2499
728
11423
6132
9877
4450
9873
9796
6505
8012
2011
10906
3073
10736
11869
7296
11888
620
10087
7192
2969
9373
2840
8724
3486
161
11412
5013
1699
6539
2340
2326
149
10964
9261
6032
4701
2763
5176
7635
402
8132
9877
4142
7735
2881
7584
10309
1900
10204
8620
5044
1216
6558
4005
1296
8458
5081
9386
8225
1161
1542
2518
5244
1478
4893
6808
5774
1026
8817
1959
10066
11543
4484
7817
7441
5757
3830
8799
602
8986
5181
4085
8372
338
8973
6799
2287
7242
4518
1920
10938
8135
7472
11522
7743
7755
11598
3138
11080
1322
3879
8709
10233
6261
6743
1473
6596
4718
7315
10608
10881
7233
7135
2070
3778
5285
4654
11266
1594
8276
7084
2600
1845
2630
5813
8857
599
3293
8625
9558
9569
10774
6317
2078
4519
8197
1104
10269
7527
4504
3317
2670
11913
7967
3416
4181
411
10600
228
1096
193
2866
9585
7955
6796
7223
10162
5448
4865
10592
5343
11928
4803
5784
11322
595
8971
4170
10391
481
11080
8570
2544
1658
1696
8390
7999
7866
5508
6427
10136
6828
4051
4572
10638
4029
5078
3812
8207
5580
6532
4465
9296
7992
5331
1493
5642
9354
6707
9074
1160
1319
2812
2200
3911
2709
1635
3216
5335
9243
2939
11530
866
4037
9047
7593
3269
11964
4718
9388
2711
7850
2200
9185
7560
11696
4730
2289
9314
3716
6343
1762
9812
7995
5792
5777
1023
5869
7696
11310
5215
8920
6748
1295
6184
6547
887
8156
6524
4563
774
10785
7493
9119
11750
6615
11099
515
647
3313
389
15
7408
7932
7686
7801
4388
11032
3655
9547
4584
9318
4615
8820
9699
6752
5364
6624
6027
4900
4068
5872
8623
10450
10400
11457
10002
3350
6118
9781
4847
6981
10673
9249
4762
6012
9177
9180
3062
4315
2227
6961
6910
313
558
7
6814
577
8417
2172
1584
2267
5797
1752
4260
3201
11300
8093
5395
4848
4422
1995
8249
6487
8441
5781
8013
4052
2832
1803
4164
4856
7294
9593
7352
1427
5969
1512
9923
2112
324
2939
8262
4886
4439
9455
11587
3994
3051
8369
1646
4572
768
3168
8975
8320
184
7040
3935
11606
5461
3643
722
10022
8019
1628
11834
10487
8528
6150
5200
5370
8266
3713
6262
2957
7161
6191
708
6675
3492
5682
10422
121
5225
2130
7388
9772
3332
221
5889
2619
11241
3047
8240
3583
5655
5415
5682
11650
4528
1350
9709
6052
3851
8518
10207
8643
10175
4711
5224
5752
6413
8439
7005
373
6522
8866
4140
3454
9982
3982
10237
1318
3820
11814
3485
2972
2028
5905
6804
8047
11728
4980
10949
7555
350
9820
3053
11455
342
11880
2518
9148
7545
2001
8966
11620
10414
7831
1211
8804
1632
1143
3761
3093
7425
1262
10286
1547
3016
10109
1847
9412
1211
8167
5391
5985
8924
6720
5015
8635
7782
2243
1059
5971
9531
9640
1823
2698
9025
10280
5954
10600
2914
6389
10086
6389
8965
9313
8319
9852
1028
1542
5374
10724
237
5123
4030
2170
9854
2157
1477
2548
5470
2611
10685
9269
5916
478
11723
5135
1214
1590
2135
8471
6319
4963
7087
11587
3137
10556
909
3880
8486
5676
2023
9840
6103
1973
4920
4670
10774
3107
5916
1068
3852
11627
3902
5793
4121
4447
1093
279
3928
11587
7983
9410
7928
2370
3320
10895
4536
5331
1818
8336
10306
2384
11686
4133
10991
4572
4719
11791
11898
11781
5816
8961
4444
6340
177
4764
3426
2227
7323
1437
6552
7864
5223
11287
10149
5076
9429
5235
2751
3795
1039
2891
3376
9397
1664
2130
5828
9335
1234
8589
10255
7821
7588
10272
4439
11787
9226
5629
11951
10207
8426
7016
269
8111
3129
1356
3437
4204
570
128
4480
1003
5587
11458
3041
744
5848
2149
11145
9058
10963
2896
6915
5507
488
1717
4315
5557
1312
4822
6631
422
7707
4651
10418
3438
9558
5771
11037
10239
1829
4579
6631
2977
11295
2438
4578
8209
6877
9932
2925
1745
5636
4319
5224
5950
7536
5067
6436
5375
536
5531
4205
3515
1433
2350
11844
4699
5000
10098
4702
6718
8637
8968
8426
7784
1605
7993
7680
9775
1309
11285
9464
2429
7762
6255
30
294
7428
10532
4658
3668
1131
6456
3192
10676
9499
2628
3254
7814
3617
2820
3431
2940
6189
1932
2510
1607
9363
6301
7935
1076
7795
7713
7223
10001
9168
6908
5915
11916
3462
7148
942
1144
6753
5572
871
10593
1095
3642
578
10097
9288
9860
7200
5657
3864
2257
5055
5821
1608
10824
3309
9849
6235
7059
11686
1026
543
9293
4428
9617
11453
4169
947
7366
774
6889
1263
5408
3380
3328
9320
5574
10650
80
5686
5777
639
9761
4865
7069
7371
6563
3622
5373
11958
5140
3215
10579
3984
251
2311
3835
2646
7449
647
8323
3578
6216
2108
5658
9142
6541
11913
7317
3141
9808
2004
4062
1512
7179
11481
10333
8463
9324
7033
2930
8880
6381
11904
54
534
4467
8734
1834
5645
10831
11931
9006
852
3921
8852
4228
7470
11187
6074
760
2047
6331
3436
3830
917
1056
10288
11007
1267
7979
3516
3248
5680
11455
1435
4006
4730
9468
3520
1907
7318
2530
7204
6986
6879
8696
3620
1302
5422
9364
10165
8027
10542
6423
3158
6648
5140
5628
4621
5978
1537
5726
5345
6952
10965
7917
7936
3959
10142
1646
4383
2573
724
10525
11004
4981
10829
8313
1203
8308
4694
3495
11543
11252
2726
5848
975
11037
9742
5712
867
7694
4187
4354
8573
8010
11433
11844
5831
9241
9915
5268
5152
2780
29
6941
2597
2437
10055
3389
35
6868
5285
1470
1916
10909
5679
7876
3049
2170
3970
6589
8575
1239
6083
3502
5508
2187
1049
4470
4703
8803
8320
4483
1003
5100
10422
7441
1589
2098
10386
8152
8173
6752
165
2775
3702
3134
4494
6790
628
4570
2186
2897
7557
411
7838
2921
202
10493
1211
3820
5141
10045
11287
338
4692
9931
1034
5605
528
7581
5418
6191
279
10821
8948
11636
3379
8048
6326
10403
11783
5809
6273
10511
1997
10791
6604
7735
2924
9629
11913
7354
5604
8639
7953
10789
5782
694
857
6326
8508
11951
6808
5232
9602
6978
6553
5150
7846
5081
11431
5565
6128
3208
7058
5432
5555
7820
3865
707
3644
9440
1916
9594
268
9356
3205
1709
4877
4036
5662
2189
1780
1295
5566
10890
6953
11122
10878
427
7774
3298
11212
10680
561
5538
733
9678
5472
1875
4233
1495
8512
1361
9921
10768
3890
1887
5224
907
2847
9025
7913
860
9354
9297
8351
3430
10690
5090
5463
4724
3965
6723
1259
11211
1987
1715
8269
163
1676
10340
5235
8918
7340
5871
8728
4444
7655
11669
4023
11133
5068
9352
5691
7478
9603
6809
4758
1540
7700
9611
9162
4580
706
6662
9399
6198
1054
4502
1834
591
889
8681
2110
6214
4082
2937
407
4170
10039
9707
995
10093
4639
526
2607
10032
9871
10430
9619
9078
9373
4253
4809
5955
2123
1027
6727
9767
4878
1210
2212
8339
1730
4521
7603
5306
2313
9465
6475
1104
2658
5402
5454
1458
4627
4083
10725
3755
9079
2076
287
843
2589
6374
2885
5369
11540
4664
1659
7640
777
3393
11224
8341
6821
6714
2753
10061
5711
3750
1046
8658
7131
10374
10179
8883
7286
10772
8472
6509
11327
7558
939
7336
11696
9069
189
31
9829
2670
4973
650
7003
3550
7138
1981
1892
9420
10693
6551
9538
8926
3018
2126
6926
5283
5953
1006
6294
10764
9566
5170
6504
10153
1860
10518
7488
6121
1503
987
8771
2725
9847
3251
6465
6822
3095
2977
9892
3176
5435
4318
7118
11413
3226
5334
2223
5657
11113
11475
5980
2848
2925
1018
1889
11178
1740
10573
11190
7950
8262
1245
11410
6412
10907
9031
3471
5694
525
266
4083
975
3670
8631
11319
2367
2620
262
7769
10714
8087
9944
7557
6630
3593
10121
8761
9567
4968
11674
9435
560
10221
6919
11406
7541
2270
7220
11447
5695
5562
7893
4158
7337
3557
7753
7035
10130
5427
7691
5727
3187
2938
4098
10350
5732
10651
6720
7999
8446
9921
10738
4245
3494
4120
11366
7392
5475
2585
2207
7675
6090
462
9895
7338
2382
10519
11198
2664
3679
3321
2835
9540
150
3912
658
4030
1993
4135
1622
2693
700
261
1192
6015
10776
3360
8316
8332
9452
11076
48
11021
7590
2028
4192
6482
910
6029
6996
589
3073
10593
1980
10780
10840
2973
5393
11841
666
4964
3580
1747
5559
11229
3735
5489
6863
2664
8019
5872
9912
2583
9979
6663
11041
3018
1469
11189
6469
3412
5953
6661
908
6315
8119
1005
9480
8351
2134
4830
10619
5846
7685
6483
158
6930
4096
8740
9598
5746
8371
9699
820
9614
927
5829
7130
569
3067
11906
4430
10635
4915
6674
6759
11512
7589
8620
7105
8084
6784
11082
11532
1200
10749
247
10126
636
1799
3156
8152
7980
5059
1893
4990
3373
5024
517
5082
3615
5867
7032
6066
8095
1025
5851
10633
1324
5708
6721
6389
8562
4328
11947
8097
8077
5691
1020
11148
10073
1926
10416
11982
6070
4693
2287
6408
5818
8116
5235
4360
7303
10176
9027
11622
1418
8990
11322
9418
183
5413
3964
7463
4066
8852
9270
3221
6076
2930
9015
1544
3712
9873
10469
6770
10714
4945
4818
5558
695
11275
5725
5360
6410
6617
5510
390
5250
9339
5602
332
11974
896
6409
4745
9319
6543
11624
10221
258
6766
5287
5848
6073
5117
520
9382
2273
1684
886
5747
3583
11311
6696
11119
11766
2013
7373
7784
6049
7687
7081
1374
1200
10238
6382
10762
11018
9714
11538
8022
3072
6766
1337
9374
2001
1976
9008
5810
9444
11115
5707
2426
2936
8287
10556
8003
9664
276
3881
1412
11880
995
1490
2769
9165
3049
10330
10970
6385
5803
1727
7361
7267
8154
7722
3792
11978
5372
4582
125
10919
10913
3669
11519
131
4026
11139
9417
8288
10290
4778
154
9204
6834
8394
5422
9122
11105
9672
5587
8710
5395
6330
11982
9809
5199
5651
11711
2395
5589
89
6428
8060
4360
4689
4739
4504
3624
2437
6496
3120
8800
1396
4235
6676
11645
6666
2361
4455
1981
2658
6411
7888
9227
7127
6838
2805
5597
5602
6238
2867
38
3549
7790
4565
3487
7568
3923
7398
7964
2332
5810
5369
2301
2757
295
9937
5998
6969
11196
9843
7694
7229
645
5968
2204
4782
9290
3417
9861
918
1566
10509
6019
8140
2214
1135
3203
2343
10349
7201
9224
7327
10059
1378
7922
2677
5470
11403
10863
7237
1554
11428
4330
4861
1722
7693
10409
11067
3302
2778
5705
8418
2541
5235
4479
9171
3576
5143
6436
11648
9061
1396
1392
10270
1774
11053
1310
9878
6459
7059
10858
11155
5547
1980
10694
7432
7130
2042
5111
8092
8648
1915
1435
3999
5239
4054
6780
71
9574
7302
4269
3065
195
5599
5778
9091
2019
5268
11525
9086
9606
4259
10523
1637
3201
7070
9932
7069
7234
6779
1784
6540
9103
2662
2332
5245
535
10359
4454
7365
8681
9331
7077
8483
9304
3600
3520
6533
83
6299
2916
9141
9968
8510
9575
1315
2920
6236
6180
1008
9102
7987
6116
10895
3648
1583
2041
1028
4689
2219
5968
8655
2094
6626
6663
6450
4678
8415
3105
878
6187
11227
18
10102
11392
1268
5174
4008
4932
1148
193
7451
3330
10617
11016
11669
668
10887
955
4120
8905
7679
4487
9601
4679
9928
1395
11531
9671
6317
2872
3679
11179
2364
11434
9350
1589
4733
9179
5208
3730
2781
3988
414
5863
8029
8631
4639
3148
10342
3605
10791
3916
3040
8634
3898
926
9986
343
10662
2027
11888
4528
492
9233
8671
4715
10699
2207
5641
8416
11565
5534
9580
10472
3592
6824
2537
5357
1074
8878
10203
7043
11418
7556
6169
4250
8266
11893
5230
6418
10507
8203
6059
5661
10606
11550
2171
4263
492
1908
2054
11934
5357
730
626
2088
7207
6332
4950
3850
4964
1644
9121
4233
4092
11332
4775
3159
4418
9157
8439
2500
3811
8689
9152
7247
5770
3057
1375
202
10719
438
5157
5270
7980
11325
3811
10447
7867
5332
1114
37
5253
5437
3064
2435
11223
1998
7716
10930
4049
11766
8407
587
10761
2338
922
165
11931
10106
9690
4272
5109
7706
8050
3713
2424
9393
10998
10963
3422
11417
5457
7129
7069
9646
9239
8593
3141
10135
3281
9632
8816
6183
6608
9925
3331
1688
11609
2712
9956
3170
4845
716
8246
9853
5538
561
2755
6526
4192
494
2816
11649
9533
10631
5954
5256
9000
5718
4709
5716
4491
3606
9312
1242
8872
8141
650
7287
11964
5106
7368
6550
3305
8165
9671
10331
4929
2383
6593
2283
8712
5978
2947
8391
5559
10355
1093
52
1776
4280
919
688
1387
8221
11054
2090
8046
11389
11349
9014
10308
1004
5074
7066
7691
523
2983
1973
3822
7285
10595
7639
5350
65
4518
10123
967
5431
11550
818
1985
593
1509
10544
327
5631
3459
11142
5663
3479
2918
2407
8568
10016
3099
9760
5196
10859
3954
2075
6905
10168
4933
11434
1550
11762
6897
1271
11941
6323
11489
10530
2951
10202
557
6893
6275
11549
3829
8025
615
19
6064
7988
9319
7207
9310
595
5006
10288
11625
6458
9741
10990
6780
9822
9566
59
5967
11031
11959
1832
414
4561
3824
8263
11096
5040
8094
996
8324
4530
4815
7547
6063
9580
1829
11620
3151
8155
6714
5861
8417
6552
9569
2028
784
2720
3636
6577
6988
5189
3339
1115
4395
5880
3496
4943
6710
10561
2844
5072
5950
6566
1865
9672
5120
3640
11106
9780
10376
342
7739
9453
11235
9468
7092
6145
2551
5260
147
11197
4447
8953
7783
6696
8298
7249
9521
3795
10149
4867
11071
6713
7534
3099
4731
4205
3720
3580
5928
2208
770
78
1748
9643
5571
1068
11270
10041
5126
2235
8808
6697
915
4768
11917
2472
11017
4423
2028
11151
4930
5793
11097
7452
5708
6109
8403
7305
8985
11089
1902
4935
4893
1
4070
6609
2617
8047
11115
8523
472
1547
10808
4396
4906
1147
11833
4732
11702
8348
8650
504
5940
11160
8322
1185
9889
9537
5565
605
10031
2458
11498
6010
5798
167
8113
2011
3361
6999
10483
3764
3954
6663
11995
6781
7726
8495
637
8166
10995
364
2428
11902
1045
5354
11507
10930
255
11232
5268
1357
4320
1909
9091
9015
1767
747
4785
3877
1698
4496
5867
7568
9815
4055
3036
7150
11334
5927
6989
6873
3252
10401
6741
2324
3698
4903
73
8586
4736
1906
6591
3566
3020
1912
7007
7572
43
9729
4911
10491
2534
163
3190
10625
9657
1656
6591
4247
11194
7101
4644
6380
7784
6176
11215
11080
535
11046
2395
5702
10982
5076
11314
6124
3358
6513
2568
10861
1557
5614
4651
9277
6893
748
1598
2776
1925
10310
7475
7900
6133
9033
4998
2645
7076
1401
10646
4184
9991
1309
9090
3231
1348
19
3580
7950
11974
5659
131
127
661
11118
1917
2690
20
1199
4253
8281
4387
4211
5831
11653
11195
3930
8629
79
8028
10972
10917
9753
11900
8082
9310
4298
2882
3719
4573
6126
11279
520
132
8196
11858
1869
3793
1103
2488
4740
8125
4068
9609
4368
1295
4407
1496
6008
7842
8549
10177
9172
1916
4383
98
8189
6042
5956
8294
11814
10176
9034
809
7815
3130
9979
3527
10109
949
6687
4303
9941
8786
9006
3440
9040
4167
9061
3082
9320
4210
7392
933
10874
5455
6544
2038
7464
10394
5952
7942
2547
3642
4491
5582
7136
4848
7992
2666
3388
5064
305
10010
794
8205
8161
10496
11194
1572
4135
6782
8575
5119
8429
1807
11736
6182
4964
5386
8329
2890
487
813
3721
7266
2887
3452
11270
6219
865
10609
6271
5241
3394
2797
11790
1535
59
10629
6948
10640
4423
5062
10972
11310
1974
9645
3399
5507
10012
7628
4359
5765
8979
8503
6637
5048
11324
11466
7525
2426
2852
5765
9029
11426
10855
7604
3986
2914
10949
2420
7028
2658
617
7887
3011
7418
1851
848
3693
6518
90
8681
1866
2253
5821
8195
3051
363
10746
7214
10057
10948
6344
9345
11345
4824
10938
1223
8091
2251
4062
9655
3208
10255
9952
1568
4329
3524
9398
10619
5827
1893
3019
6491
8469
2888
11149
642
1122
4630
8085
9195
7188
6598
7380
10093
9009
11321
8128
5410
6525
9022
7876
6799
9768
9557
9836
6625
4519
7689
4481
11179
2596
827
421
7647
664
6789
4597
9150
8361
4977
7388
4161
7736
3572
10160
16
7618
9896
1033
2982
10509
3062
7374
3487
11936
9361
6493
6636
10953
1502
11512
9004
1576
10944
3112
4976
2409
1954
10064
9551
5577
6910
7963
9484
6334
8489
10557
1119
3277
46
11274
932
8127
8362
6310
11999
1341
11303
10596
98
3608
2621
451
1054
7325
11213
9485
6160
10687
4561
3472
7188
7832
7986
5508
6498
11760
433
6625
11128
2296
198
7362
529
11405
1853
8466
5738
2463
9021
3904
7278
891
10319
6828
6007
6581
11875
2896
5331
8084
5251
3531
8899
8384
10471
8253
8867
6256
9998
116
223
7892
1132
11596
6423
10386
5211
1917
716
6079
2331
4900
8073
8464
2020
2745
2482
4460
9351
54
5683
2369
2424
9498
9991
9642
1016
8093
1933
3857
9328
990
6774
9884
6394
5940
2752
2204
11639
6295
8033
1716
2388
5428
2859
7063
4852
10893
2277
3662
4167
6406
9076
9060
2538
1939
8222
9112
5326
2727
5075
3710
9165
10923
8064
1395
3716
8920
4248
11158
11665
3041
1352
1095
3857
6327
4356
3327
2179
5564
6595
10660
9869
10523
8641
1002
11392
6493
8786
345
1819
8795
5062
6402
2886
9823
10023
10553
11436
11500
2341
3782
9937
680
7391
4587
8082
8069
8472
11623
11154
8660
1275
8908
4940
5486
8383
4941
4426
4631
8288
892
6304
6013
409
9283
9553
5340
7957
3185
7913
11977
10267
10927
9009
7073
7388
6657
1249
4398
4169
2865
7254
8707
3026
7034
7720
1276
9792
9099
8012
3420
5726
11246
3640
4310
736
4790
11948
1379
10283
4522
7947
5861
3169
827
8144
4681
9596
4313
7561
2965
10312
344
7829
2866
650
6044
10323
4161
1445
5745
3747
283
4475
792
2412
5966
5118
5774
5620
5610
5252
7895
10196
2770
5209
7184
5097
828
4755
8560
1401
963
7524
10551
2641
5945
7283
5519
11555
11076
11611
774
3746
10761
5261
4766
8595
6748
7444
1817
2930
3981
2685
6433
7594
10309
11666
8227
915
8965
8575
10845
2502
11767
5049
4994
7409
2409
7614
812
4832
7016
7857
2277
8934
3275
2147
8191
2220
47
4770
2565
4093
10229
6703
3764
770
8958
10045
802
7726
8923
11216
507
6113
10566
2597
1033
351
9395
4125
7254
5100
1422
3656
116
6340
4889
5512
833
1048
8015
8678
46
7215
10392
3454
3718
2464
1963
4185
5435
11532
6187
1769
9230
170
3007
3208
1699
5728
10721
6317
3343
6750
7566
11988
8504
5390
6069
8029
11152
7232
7697
11629
6000
9345
6319
11849
3018
8946
8222
5363
2412
10006
10148
7738
2482
9462
824
5104
10518
383
1895
10940
8955
4535
937
1948
3567
5200
446
1649
11245
4987
4178
4317
8194
10513
2187
5284
10986
10435
10163
2394
2850
5281
3367
5515
1979
10798
482
8542
1332
3293
2138
9224
10532
5492
633
2353
7932
868
3580
9579
4801
9260
10710
8030
1755
8770
6006
4382
237
4515
644
6746
2774
11745
9841
1865
7122
7176
806
1675
11135
101
9382
9111
9288
7860
9741
4344
10291
4769
2719
1263
10049
9394
7851
1998
11494
10241
10136
4714
4386
555
8831
4636
189
6830
10260
10410
3450
8955
11625
9404
7881
2666
6287
484
409
6990
6725
10996
7980
10846
5559
2365
9703
11801
1607
9756
9220
6156
10794
3531
2738
3126
9087
8144
3157
4812
4268
7098
10094
6015
5400
1232
1321
3606
5259
7401
3249
4276
11818
5915
4553
9902
8012
3746
11916
1623
562
8492
2077
902
6570
5500
11993
10418
856
1310
4865
1599
3732
8696
10216
2931
3873
6125
822
5836
450
11317
10528
7061
402
8855
10355
7897
958
5444
6228
3410
8019
9409
3863
7062
11937
7429
942
3658
7559
9249
9710
6525
4994
10263
4469
9139
11694
2360
190
7115
6780
9323
534
7561
11401
2314
10095
11238
4021
3658
6515
777
5132
9077
9352
7457
1762
9997
172
11531
6466
2245
2359
5141
138
9632
7441
8103
1056
2388
1500
11589
5943
3372
323
783
6661
5146
5424
3070
6314
4728
937
3080
9050
3789
7619
4192
2820
8490
10758
9595
5597
6871
3837
9013
3255
10891
11102
1486
7346
8684
5911
8332
3420
4513
7917
5442
9343
5161
506
6576
6213
6111
891
7080
2047
6916
10368
10698
8302
10526
11964
2700
3600
4078
10595
509
7696
6866
11259
8316
11762
8604
7500
891
4491
4118
1498
3877
5304
2734
2596
7263
6114
4366
8954
9611
7663
9265
11253
10771
3330
8787
7947
2405
640
10315
8580
599
6341
594
998
7151
6966
8243
2079
3828
5249
8113
11621
4971
3490
9409
1606
10256
10197
6135
1836
11251
1836
2430
8200
4622
5467
4752
5452
7398
288
5624
2316
7641
2857
5814
3144
1253
5712
9287
11023
6260
10606
2209
4396
2069
3316
1505
690
4593
1181
6120
331
10986
7047
5153
4739
9917
229
11424
6510
10911
2403
8752
10980
11177
1962
2436
9698
2752
4485
868
92
10410
7309
4136
7700
5898
1058
8724
1810
2521
4099
4063
10266
3881
9446
8675
2320
5816
11600
11063
4141
11140
11024
11254
7463
8725
2687
3033
8292
7815
10140
2426
5260
1139
11953
10865
370
8480
11240
1748
6315
9782
9044
731
2442
5748
10998
9091
7641
21
7536
11913
5051
664
9250
10597
4462
1575
6634
2310
11642
10813
9533
1554
9532
2500
1988
8847
8407
10052
7012
10858
6511
10908
4941
8896
3595
8811
612
6711
6972
2818
485
11938
7332
6863
9136
10268
11542
5580
5240
1596
5987
9491
2163
2864
2770
5273
5736
11240
167
986
7549
7525
4241
5519
4307
7308
10340
376
288
8411
3478
4119
6894
1546
5159
3328
8572
10881
7212
4947
6041
314
10552
1135
11811
7835
8526
5511
3397
2138
572
6707
429
5025
8452
11610
11012
5685
2114
8501
6241
8988
9546
1503
9722
5327
8495
4294
11173
4275
10003
5032
1929
2468
7984
5739
5164
9672
5852
10084
11066
3804
4299
3607
11027
6044
11776
11845
3037
4687
5139
6658
5047
11517
6105
7265
7951
6776
5783
6043
1162
6629
8541
4134
3420
2123
9808
8173
5469
3159
10137
9218
11742
2900
11982
5966
6889
1277
6099
10855
2243
6903
3359
1408
4777
2708
955
10452
9098
8026
1648
3332
5266
10562
2618
4284
1907
7881
4876
11354
5156
9520
920
42
9339
11717
9413
11872
9137
7042
1141
11524
3127
6821
8395
3065
9132
3259
6087
1909
729
8582
9601
8807
1589
236
11271
1044
7932
10367
6816
8410
1482
8266
8726
1133
1699
401
9741
130
2837
9877
10023
6286
585
7820
491
11363
6582
1212
6011
2326
8969
11047
11729
3419
11514
5470
11852
294
8437
705
8479
5849
11165
4059
880
10051
4607
196
2672
2196
6401
10152
1846
7417
8678
6143
4469
4127
10504
8309
1074
9275
4010
5855
5402
9848
2573
2837
2103
2030
11037
4004
11390
1729
4020
560
10338
11887
6795
5661
2664
9077
11964
8672
1265
8329
10384
1879
671
940
6312
11348
5795
7251
628
6999
4970
913
10351
11775
5236
11152
7270
7831
10197
2826
7601
1290
3504
2808
11961
11905
4131
1261
773
8282
11064
7861
6371
948
6913
9811
9604
10534
2176
4725
5695
6766
10459
3000
11359
1687
5998
3260
10870
1697
4121
8798
10829
1484
3065
4596
11775
6821
11639
5631
9580
6474
9722
1571
6750
8073
7433
839
7288
843
4037
2179
4686
5460
3275
10470
2928
6053
9751
1448
3018
7538
11404
11355
2635
6944
9805
10193
9896
2313
1107
11384
8017
2990
1
37
1842
10768
4838
2890
9727
4372
4335
11150
11195
8143
4900
11082
2094
11532
8544
94
614
5189
2758
8430
1598
7897
11434
4242
979
8528
4006
8945
6992
10431
511
2138
7939
2313
3057
11255
9871
9691
9490
4273
11443
352
6594
2410
11484
6065
10191
11657
7532
4872
5816
9343
4575
3850
6410
10634
692
11084
2557
7893
2073
7857
4284
7355
8061
7741
5291
6324
5397
10207
4707
327
7793
10846
10090
11264
201
5986
10340
8461
4882
2672
8579
6971
10345
7446
6769
11045
6723
11302
7933
9870
3875
5401
352
7062
3724
4811
2953
11253
11843
9513
6302
8277
5261
9318
11297
8101
7719
2124
3548
11503
4274
11021
9867
915
10239
3318
7941
10486
10792
9438
9453
8505
11446
3864
10322
2819
9699
3994
3631
8630
6744
5745
9029
10313
1028
11142
10998
4450
10756
4909
9362
2230
8080
8173
766
11670
5782
5945
9578
9839
1665
2912
10788
4331
651
5330
7942
3665
3773
11452
2024
4147
8773
2939
8396
7895
948
5093
4548
9326
9174
8477
5383
5344
8693
10690
9082
1788
5328
508
3381
5406
7167
11540
9154
10700
11567
2765
9688
2408
11512
7014
1903
9262
3874
1386
1999
10801
3066
4081
10579
650
6857
5775
7348
6589
2791
4918
2783
4052
11696
6747
11921
3448
7188
9759
1517
2705
10860
8627
324
2926
2021
9164
5051
2873
6401
2986
5839
5161
8125
2882
6687
7666
7604
6671
8199
5543
8599
1473
454
640
806
1810
10460
1729
5701
5865
5787
1095
9179
2466
5492
2450
2710
11019
3215
3981
3251
7605
1650
8510
9077
10869
144
4356
2007
11054
4162
11416
2148
8715
4747
9296
11321
2118
7783
10060
9769
4238
1019
3194
1536
1534
11271
864
1048
3303
9059
3363
9006
427
7223
7820
7600
3737
5593
9866
5350
8940
11819
5839
541
9233
10822
4494
9274
4213
10017
1839
11561
6576
2615
818
6703
2392
6760
995
5334
340
6108
6234
4065
2318
5727
8553
9605
10243
1741
11915
2483
7580
4180
4658
4209
11324
5806
9610
7713
616
11457
600
9358
4123
8520
1198
1586
9510
5652
11908
450
9021
9701
5921
7784
3170
10037
2697
11750
9927
11070
1217
3719
1567
5761
2727
2179
7473
7236
85
9338
10685
387
1548
7571
8901
8420
2888
2622
6874
10804
7193
2630
794
10937
8526
10612
6266
10055
11814
2949
1848
2523
8904
7715
5935
10656
5703
4331
7835
8513
1602
129
6465
3911
4110
7749
3938
7945
10694
6160
4594
5814
6268
9218
6641
7627
597
5225
3629
7038
1076
4890
4315
1215
2931
3357
8271
11611
4834
4661
4713
11345
11244
5994
9547
3770
11470
2591
4504
7867
5582
3849
4510
9597
2664
11428
11058
2242
3797
8667
2383
2921
318
7537
9614
9126
3508
10655
7816
8100
2758
7545
40
1200
5664
8397
10924
11171
9118
8961
2334
10298
1606
1026
4792
1953
3322
10109
5035
2861
565
3482
6105
4637
73
3652
1737
799
9509
4621
9573
5398
6290
8997
11863
9760
259
6998
1845
606
6392
7891
8865
3889
9818
2103
7553
8152
10882
10508
6040
3124
6796
1858
11178
7447
6618
2298
1121
6046
11894
10162
9413
4656
10220
4932
11814
357
3334
1292
7672
2686
9019
7606
5461
33
5187
10952
5445
6494
8980
8027
8997
1177
3495
4754
6154
5262
4014
9357
4370
3637
10124
7960
6176
7974
8103
2430
9601
8438
9268
11242
4730
7953
6657
1522
4649
60
4523
10289
7276
6895
10539
986
264
9623
3456
44
10102
3966
3155
11039
10988
10010
7582
11366
4783
2475
6053
9997
8481
9002
6683
4915
8174
5712
11444
1270
6345
1437
3388
4069
6605
456
1063
6391
10619
8471
926
11654
5968
1740
9805
8392
5111
2962
9991
2282
10337
7382
3537
6822
11745
3054
1616
9125
6829
1855
3532
696
5086
6967
15
2866
1354
8040
4928
6684
3235
9086
8272
7689
8929
8392
7644
6819
236
4355
2827
2051
1228
4087
1165
11046
8196
11056
7684
7062
9061
3682
11640
2884
262
990
10234
259
4412
11840
10679
7515
4665
1136
11649
3585
5747
7672
4310
8583
2953
9808
3744
1339
1243
1233
11487
7017
8630
9373
3247
6934
7621
7728
4586
2158
9346
584
1374
226
9237
9962
7316
2499
10821
10548
1668
233
5128
6603
8443
8325
3672
5400
9988
1027
10668
6781
780
7558
1317
1723
11586
5603
7506
2583
1842
5102
117
1757
9200
11523
6466
1991
11596
981
3949
4445
7071
9122
7074
3802
9728
3572
6358
11373
8814
8094
391
3086
1850
11223
6483
9629
4063
3218
8813
10725
7066
6563
5907
652
5815
9071
3519
1574
2316
10792
8621
3107
11384
8473
11241
8808
9934
8249
1257
8824
2905
10504
5014
8975
1815
10563
1784
5862
10294
8857
4594
1331
4651
4672
3814
5748
10588
6351
11205
3985
1617
14
6704
2914
4600
10378
4292
4400
8963
9191
631
1407
2794
3096
2953
816
905
3384
6796
6898
3311
1159
5713
10117
7268
6848
11942
5052
66
10782
9324
4705
3268
5747
11348
10297
1838
10935
10255
7928
5890
9657
5485
8036
10276
4468
3546
4596
2252
7014
2488
360
3739
11965
8700
10146
10405
2814
9630
8305
897
6110
11278
8995
11961
5859
11963
6686
5015
3383
11876
3632
3004
3837
11299
10578
4828
4863
5158
10993
4685
3558
9705
7474
6953
8951
2607
1664
9915
609
4681
8178
5745
9799
11671
8468
1605
9758
6199
460
3512
6246
6976
9969
856
2369
4756
555
5028
1057
4287
1451
10519
8165
2648
4511
9257
9266
2865
8922
10556
5598
7596
4470
206
1409
8920
8669
8624
8151
10930
9900
1841
10460
7809
5935
8298
847
11480
4847
972
10248
7667
1255
351
8287
5357
3243
1040
4171
4135
7996
1533
2480
8798
7312
4730
9994
6856
11642
239
9801
4230
1128
2319
1516
7410
4393
7525
11335
2754
6385
9695
2935
11378
3605
6856
1943
11189
2388
10959
6673
8170
1612
7045
310
6868
7361
11538
477
7330
1507
9772
9295
2358
9070
2726
8597
8960
8395
6122
875
9265
11852
1581
6818
6945
4688
11573
2978
1296
2060
9091
6161
6663
978
7824
8500
3774
9003
8538
3047
5822
5039
10928
5803
7735
9393
8984
709
10132
6503
8105
1004
9820
2384
9793
9668
2451
5754
699
1327
2113
9220
5112
10046
3109
10597
9680
3836
3102
6549
6244
5538
2042
11236
11100
840
7923
9461
2814
1826
2453
7119
11963
4263
3087
7270
2677
9229
10638
6191
11893
10275
1831
10121
5462
4393
1657
4096
7041
8491
11284
11439
7696
4819
1538
1891
3651
11028
1613
10282
8415
5018
9661
3806
11703
7707
10323
646
11194
6096
4010
11600
4051
8718
1879
5763
9511
1566
10968
11056
9503
3033
5831
10433
5374
1184
8302
9178
7217
11855
3597
7458
6121
9594
9051
3613
889
11419
9101
5203
7324
11603
4946
8863
6115
6430
11410
2338
8729
6855
3064
2824
11364
10438
2562
10821
5121
7731
8372
8212
11991
4440
4753
7135
5078
1237
11841
10398
3694
8022
2044
6874
1498
10711
10799
4226
4855
4318
8772
4682
852
117
7194
9352
173
3103
5837
4611
5055
2755
4441
4635
1019
1296
7026
8948
10909
7141
2519
11153
929
11190
4554
4546
11007
11896
6002
4367
3669
5687
1998
720
7054
4416
2681
11006
4273
4856
9784
7740
1492
5133
5464
5181
10498
3088
1403
3977
8377
10144
1208
1329
3101
3159
11544
2751
7419
4031
1178
473
372
6503
8281
8921
8111
1653
6780
1399
11340
3971
2529
6262
9862
8710
7256
3258
1060
2394
8902
11691
7062
9872
9012
1162
6443
5240
3164
7368
11003
279
3242
3315
3992
650
454
8741
3569
7209
9534
5219
9928
1172
9435
1553
4624
3685
105
3515
8075
2474
4544
11896
6021
2868
4374
2991
11966
7331
1538
321
8143
976
505
9316
6558
198
475
6076
1915
3575
7628
3042
10013
657
7318
10512
6193
1001
3375
1423
6934
3021
340
11693
9463
1734
2436
5588
11497
8424
10493
1280
3758
7517
10785
5634
5898
10661
7902
5714
1743
8999
5249
3165
6536
4096
9691
8754
2847
11729
7111
1843
9347
932
11269
7415
9408
9268
9392
3480
723
124
6280
359
4718
3243
503
2230
7430
9255
3376
10778
11922
5109
5933
8427
5944
7654
10987
8817
7652
5452
642
4607
6639
6066
255
9587
7364
7595
3839
3274
7240
1158
3320
1815
6264
9331
10802
6947
4956
10171
3105
1177
2763
11564
7431
10033
7734
1995
5791
9353
10376
3661
4195
5084
37
3
6156
10868
2989
10309
5139
6981
1583
10884
2924
10750
5422
11677
10638
3578
452
822
8337
11059
4190
7678
11554
8378
996
11301
11073
7334
4411
8131
7488
9762
9967
5813
10733
5004
9766
9608
771
10337
3282
1803
5025
10804
5428
10784
4896
4946
2866
1120
5845
5255
2904
1067
1036
874
11959
3273
7413
1248
4688
4314
7345
6816
4342
4807
641
8776
1657
10432
8688
4134
9898
11078
10911
4860
11139
2650
1492
976
5906
5725
7410
10733
10557
3278
3388
8774
10526
6157
3237
9299
8597
3725
300
11689
9864
312
8406
2948
6790
7597
10669
2538
1064
7033
4951
10744
3453
10654
5477
5768
4833
1313
8295
11042
2911
8432
1750
10990
11825
741
6045
6604
7902
5327
2199
7658
10307
420
399
8221
109
1935
8680
2417
5538
10678
11334
11916
731
438
4144
11673
4261
10838
8731
11767
6014
10854
4751
922
747
7379
8642
9397
3660
7919
10809
9416
3816
3760
7829
8174
3055
7428
226
5664
3234
4211
9788
7180
3211
1804
3134
6366
4940
8788
2394
974
5364
1716
11360
10287
3496
7994
2366
6222
143
1520
7420
9640
3199
250
8713
7222
6227
1344
4707
8518
10274
10535
10322
3375
423
5591
5539
4922
5557
7457
3887
8661
2079
4672
2744
3933
6120
3094
5325
139
1750
9764
9453
570
3219
10870
4858
7558
3052
9381
8773
5896
11024
7767
10946
11080
5616
7565
6011
890
7525
2196
7222
1206
63
6491
9127
5671
8066
11786
9619
5920
928
3273
6066
10582
10888
10411
5849
1107
2454
1791
10679
10708
1141
2751
6410
7306
9167
7309
11865
4363
10777
3683
7296
6819
8175
10698
11637
11096
6714
2779
3576
2244
5092
8057
4757
11758
6755
9247
4018
475
8519
8530
7643
4189
9621
11571
11929
9204
7003
10104
7184
11059
556
1176
375
3985
9397
10209
3168
11411
8927
8406
8982
6904
6537
894
8973
10465
5210
6093
436
894
3165
9384
10201
9219
3827
7057
5914
6757
8019
7819
3926
10388
9217
786
11577
4923
5000
10970
4235
8252
9589
1627
1309
11001
3361
11718
10710
8930
9766
3767
9884
5176
3813
7114
11559
10646
1548
1306
7709
6485
8498
10800
31
8534
1006
6730
5344
10025
1718
10588
9827
7515
9150
4050
949
144
11383
1002
10125
5808
7357
3949
8838
3659
4048
7587
7951
10615
6033
11187
2309
6137
5521
10751
523
6521
11869
5592
2930
1312
1909
3973
11264
4173
10168
4933
11441
2653
7057
4156
2136
11766
1630
4948
6451
5158
1292
2916
9997
2889
4035
2850
104
8400
1396
6625
5616
5296
4228
1592
10880
10882
8725
3976
9050
6110
4854
3201
8702
8753
5394
2898
2030
8045
1240
2459
10528
10916
3471
5595
9053
10175
2858
7248
3600
1587
11069
9509
1821
1795
789
6844
508
355
10282
5018
4733
934
1614
4458
5260
773
8879
3655
2070
4044
11138
5327
8513
3545
2683
1634
6571
4442
10395
10641
1153
3347
540
2510
4053
22
5327
10616
10381
7331
2825
9737
7759
9813
6590
8998
9483
10353
7388
10940
3096
1893
2869
6309
11465
10989
11865
2703
10452
10257
6172
4107
11700
11357
8289
11648
4731
1122
10480
11591
11794
6827
4901
10613
9322
287
8205
2814
11810
10633
5104
3742
1136
21
7864
3833
5037
5457
8461
5260
10402
7097
11396
59
486
5022
5686
11730
9889
8457
8542
5134
5257
3738
2521
10616
7229
6105
705
11616
9977
3459
2440
10917
1005
11738
9729
2765
11466
9389
1092
690
4288
2681
5990
3754
1802
10178
415
3249
6279
11674
5256
9552
11973
8279
5332
10835
9747
10039
10705
1832
1256
1581
4954
9565
8918
2801
7543
6166
10539
389
3222
448
3493
1294
4642
11802
4706
10788
10888
8268
3476
9788
610
11349
8314
2438
9781
1120
6463
9712
6726
635
1679
1850
11268
6427
4087
11999
10150
10053
7585
11189
9827
4187
5272
11105
3846
1682
9760
7642
7662
9298
6986
1249
8628
9498
7309
5422
1287
1714
2139
2422
3744
2940
8270
9420
3982
2264
9336
10715
9449
1164
8453
4585
1059
6900
4108
6497
3944
8253
4757
8056
1864
11198
6347
1022
8157
2694
11121
10108
7410
11894
5567
8971
2730
1425
274
4944
3598
7249
8697
5509
4689
5723
9487
3396
8925
9053
6064
1391
10172
11264
3455
6572
4600
10052
2239
656
4671
3624
2522
6493
10012
9603
9422
4478
5193
7538
3392
10777
5435
11352
22
11692
5763
9190
2514
7411
6939
5728
10143
5567
696
5864
3305
4657
1380
1058
589
3363
11055
8220
11388
8142
4431
2089
9121
8215
6722
3510
1008
4172
3546
5722
2588
5892
3500
11037
6821
9333
6804
2753
4640
7990
5666
4121
6181
9402
1532
1420
9672
2086
7404
3925
4160
9637
1650
7548
678
8422
5533
5370
4420
1482
5639
7084
7698
1638
2956
10496
8132
1734
2072
11843
2502
11135
9248
3527
6110
11219
6621
4227
4221
8582
11811
4959
4343
7027
9460
3746
5560
10139
2006
8952
6069
1357
2991
1114
4290
7930
11710
7333
8594
11004
10816
731
7678
8310
10675
6509
4007
543
5867
7342
532
1484
10162
6571
11974
9277
4629
11673
2538
2024
1235
10906
7773
2943
3368
8837
7543
2811
7156
5602
7758
2294
1293
2315
8475
11981
4284
6947
1400
11537
10562
9292
2567
9392
8932
2309
10107
4717
4073
2163
6547
10182
6565
8716
3954
3084
6946
3
6480
5946
2794
8410
10553
3475
619
10785
9921
1094
10565
3680
9165
773
7492
8152
11062
4928
6973
4278
10293
2492
7024
9547
6541
10984
4137
3707
3872
8520
9223
1483
10575
10192
9529
3675
2271
4080
2432
763
9109
3406
2196
5020
11251
4954
11349
3432
11631
5828
6310
6404
5062
5010
192
8275
2345
2895
10433
7058
8851
3080
6941
4649
3358
174
11954
893
10550
1252
9560
9442
9561
798
1095
266
3416
1596
153
964
1871
11003
1932
10693
7402
7391
1941
8564
8517
9301
2813
810
4513
1895
7002
7764
7023
9863
7651
10897
2346
703
7692
5719
2582
5611
10459
6210
10954
736
9672
8790
9471
11619
10588
8491
9237
11920
1452
11028
1195
325
9068
9888
4009
584
2388
1367
6028
3139
1483
4616
11925
8651
2041
2334
11613
7960
9801
8653
1427
7628
2829
44
5313
5172
6576
754
2913
9489
8891
315
11962
9659
7952
9098
10246
11460
11080
4663
5704
9381
2884
6843
7830
2776
9021
3006
7586
10066
1003
2916
4397
441
6137
10847
11579
560
4539
9303
5675
52
577
1750
8692
2381
732
1151
5119
6726
9968
8907
9862
10026
2155
991
2876
2170
2902
571
7285
3576
9356
1353
6151
6965
9102
1182
8858
2160
1258
7083
3145
4077
11158
8965
7412
9790
1731
1670
1742
8677
3780
7789
1394
8153
9754
4859
11119
8283
9492
2116
6693
9890
3597
7858
3438
4299
10649
6796
2249
8896
4443
7434
3809
4985
761
10536
7155
3215
7865
3202
3680
2898
994
6826
9885
5056
2589
5390
7841
8874
10791
9119
1356
3480
10959
7381
194
1563
8536
6071
6470
4320
4526
344
491
2607
1181
7625
11816
10856
7193
2229
3176
10464
4754
11742
2209
3813
5316
4433
529
8958
8671
581
9734
6223
7210
6440
7278
5586
3775
5922
9959
9685
9457
11718
6841
9633
1034
10611
7008
9595
2455
5180
6385
7136
6794
7861
4145
3867
6627
7511
6861
4760
7537
3171
3554
4715
1700
4630
9196
1612
8051
10678
1981
8014
10492
9631
803
3056
1931
2730
11916
11825
1618
1445
1598
1563
8351
2491
8975
10596
10544
3571
11678
8659
11999
8353
9173
2603
5399
5137
5838
8999
6132
5971
2737
3181
10993
5598
3111
10631
5645
2712
2151
11278
11419
11383
2484
8485
8083
10311
9091
11885
6710
7760
10969
5139
3534
527
7925
3907
1944
4246
9203
7911
5299
5622
465
9983
10212
2832
2758
8310
4277
10415
3613
3840
9902
5335
10310
921
4993
5754
6602
5708
3690
11174
10852
5741
4162
169
7483
11342
5678
7860
7134
1027
3752
5528
11548
11210
2093
7507
5481
705
9431
3463
9339
11388
5972
5639
3172
9383
4338
10402
2942
6694
5253
5625
5552
11009
11107
1964
8212
3643
2697
3003
2043
6237
10038
548
11615
1725
1058
7015
1239
8531
369
8884
7356
599
5928
11638
234
8060
2555
3364
3467
7709
1673
11406
6386
11437
6469
11941
8523
11894
2892
4337
4650
4336
5461
4392
1655
11538
10806
11237
6698
11053
7195
9746
11549
8791
7011
11691
8952
8031
11175
2670
1070
4421
18
47
1736
3424
5890
3614
1230
6845
10989
7675
6703
9730
5506
503
5116
11874
8097
794
2706
11539
5009
10793
11502
8730
5945
10188
11302
9453
11739
5653
10781
10884
9446
81
4039
8222
2224
9117
8907
5241
595
6487
4717
132
4254
3951
8010
4252
1555
10319
6779
9709
3083
11081
9365
4468
10481
9562
1016
4769
9720
4336
11372
6103
5493
1802
3757
9881
8204
9339
2239
11145
11242
11418
2699
5262
5801
6311
10022
4562
9458
10710
4575
1182
5027
3617
11701
10161
5939
7294
11814
8902
7440
3821
9965
3616
5371
9029
10368
4201
6107
7063
1383
8259
8424
792
5883
6545
10672
7556
6613
6134
4524
10397
4380
3929
7955
1996
345
7892
8753
7934
4623
8455
3987
7674
1638
4065
2260
9867
334
2684
8426
7102
320
3256
10649
6136
5456
7813
5246
2943
10128
5812
5716
3600
10589
3716
4655
10034
2264
4500
3011
2107
9823
9910
10135
6312
4029
10768
10600
10471
98
3476
1538
11438
2210
97
3472
8677
2291
999
2170
8897
1898
9033
5023
5598
177
10561
759
6407
6404
7401
1
8527
8465
6830
6256
4392
10941
296
6380
11804
4049
1324
369
5351
9751
1358
549
6864
9680
6845
11777
7901
7350
1896
5262
6981
10196
10174
10907
4289
3549
3410
4752
11004
8509
10057
11247
3192
8945
4048
2439
1398
3509
521
10066
6566
6529
552
11669
2877
11057
10591
4501
4377
6105
10243
867
2916
235
2417
9914
5988
5179
572
9576
6464
4050
8906
10439
10006
8994
822
6756
8126
6716
6856
2657
9384
1379
1458
1802
4139
4734
8680
8305
11584
1092
5723
9681
1413
5922
6745
6945
8581
5322
981
2614
7954
9553
7373
6524
2520
9020
4393
7739
3947
1797
10561
4731
3816
3738
4442
9147
3824
3634
10459
5085
5489
6651
6877
11752
10580
7386
10658
2675
551
5412
603
3379
2655
1075
3329
1464
4212
7541
10083
10521
681
6760
8266
8095
9728
2000
7779
2163
375
2014
6873
10101
1669
3633
3205
11122
4887
4748
5149
9463
9428
6142
4106
5293
8899
4508
6720
5416
6727
8272
4338
4253
5768
2460
3943
3448
5969
4872
11983
3624
8011
5202
2166
10386
3188
5512
2243
4625
2429
600
11157
2514
8418
2322
6679
5238
4171
6799
763
646
3268
3723
1303
4400
5024
592
856
5049
6516
1729
3124
1655
10241
2323
584
2166
11487
7489
7638
1677
1189
9484
1010
6055
6046
4732
2858
94
129
2183
2155
4448
985
9809
10396
2027
8409
6665
8514
6380
7602
9972
11161
7777
371
2032
8070
7285
4269
10594
218
11069
2293
10370
2881
2494
6793
4980
10352
10284
613
5419
4261
3062
360
7454
6876
97
2785
9984
4613
10820
9861
5378
3258
9949
1028
11245
961
8609
389
795
6073
6758
281
10142
4232
596
10727
3355
862
10314
10656
8010
7319
8593
1591
7198
1427
4763
3682
629
7994
5308
7457
11462
8113
612
2655
4865
5697
8459
7739
3104
11623
4665
361
2074
2266
10645
4145
3685
1913
6321
493
9445
3638
10926
1983
8799
4727
7662
2054
1440
10584
9016
4227
11829
3280
7735
1036
6519
1507
6017
10133
6681
1693
10465
2675
11314
9375
10613
1208
11189
9673
8612
4582
3421
1799
4648
8334
11843
7020
7203
10047
6992
8352
5013
8816
9527
9496
8848
1801
4285
6121
1753
5195
936
593
6378
1560
11361
1588
11333
4577
9337
774
7208
7607
3077
5851
6964
4316
5345
8697
8866
1752
9577
11254
6933
8812
5410
8000
4097
3941
1421
8460
4836
9248
2643
8188
966
11808
11546
2026
4660
5051
11701
7147
10388
1490
9224
9513
6614
4871
8360
5861
4494
978
4188
8182
8646
7881
3484
4864
8281
10316
10098
337
7556
5197
2036
10968
9926
1929
3516
11344
10644
8202
8814
1834
2229
9409
5576
5370
11793
5591
5581
2913
2583
4004
8496
6917
8923
5912
7271
2311
9893
5169
129
11163
10741
1418
7922
8129
3875
10415
6713
1182
7695
4014
2022
3821
11154
4802
4979
9077
5064
7108
5952
4114
1576
1346
1829
5074
3105
6144
7159
9044
5168
6641
6703
1635
4174
9644
11780
4646
3156
994
8848
6620
9753
11519
4345
5858
1470
1386
2643
2554
9286
6477
8268
8168
2157
2517
11159
55
1772
1308
6759
5566
11123
2275
1108
445
10015
1852
2873
7345
7619
8906
5392
5617
2454
6431
8327
1285
7914
2164
4372
188
521
3567
5783
5792
10545
3788
8072
1995
4411
10764
4261
8510
9599
7538
4470
3975
9210
2149
10350
11977
1421
2145
6051
5471
2300
7787
4891
1854
9193
11439
9793
10029
3960
10448
5816
4290
8783
6952
759
1713
80
633
789
5955
2307
7320
475
10994
2920
1659
4348
5294
8818
9741
8243
259
10827
11580
5200
10556
8532
1820
10588
9993
835
3769
4355
7132
33
5084
8994
1659
7082
10942
11759
3758
8870
8457
7110
362
4932
8412
4107
6124
8955
1005
9587
3294
7768
11400
5509
9444
9212
4245
3724
11058
6342
159
11662
8522
8875
7304
6107
1868
7627
9750
9226
2874
7864
11238
7383
7727
1077
4226
9067
1443
9661
7805
11376
10570
7229
10066
3020
10456
5115
8983
7687
3464
6554
2602
8880
2974
587
6535
7974
904
5506
2294
11253
3681
861
7914
3058
1224
7654
598
4973
5449
4241
9814
1060
3206
8851
10265
2738
1241
10267
1648
9705
1917
6345
9828
3637
9892
7451
10270
8991
11813
2753
11123
6252
1306
7478
8217
11388
173
838
1590
8988
1639
3275
2781
9730
910
11982
8188
3327
1984
7381
2213
11984
9780
8301
4699
4656
5133
6036
2331
5060
9067
3318
11231
352
7947
3410
7864
4840
4783
5108
5712
9793
7881
9399
9793
4591
10415
8839
2170
9966
5227
7400
11021
8937
10276
6645
5598
11354
11594
1498
3631
7564
10522
7733
198
7747
6195
5483
8074
9832
844
4658
10814
6692
487
7109
11530
450
928
4683
4322
2203
2695
4039
5792
3414
8691
8150
813
6447
772
6870
3935
350
6357
10778
11328
8053
1365
3687
2077
4454
3432
1819
9969
3721
9293
3548
11532
6191
2592
4983
7170
810
3121
3329
1645
1936
5566
8057
5925
11566
1355
1354
4623
7712
11034
2151
9778
2663
4816
4230
628
11210
7607
6476
2362
6751
11725
301
8458
10259
3922
5584
1290
5643
5069
8160
6099
919
8903
4998
4193
1848
6783
11617
4451
9366
10236
6138
7703
2105
8273
3571
515
739
2110
4483
7175
11594
9877
4190
7351
5138
8259
9878
7949
8491
8761
5824
1089
11910
1357
6908
9945
3556
5823
4079
312
2433
6824
4276
2389
4396
9157
1467
4076
2553
10066
1086
8475
7106
2590
5059
9898
2833
9221
965
6736
8935
6893
6557
11983
5812
6446
3945
2957
2670
4153
8214
3000
6422
9785
5026
1390
395
2902
5021
5704
2759
676
7338
11100
5298
8520
4579
7688
5351
5150
831
10205
9203
2472
1081
11581
4122
1737
4411
9850
505
926
2832
7970
11208
2178
8436
2666
6165
2287
11714
5367
796
7929
5515
3544
2437
8211
29
2482
2178
4560
508
9505
26
5630
5153
7139
5157
3056
1664
8468
309
4350
9385
5099
10
8087
9814
1717
2318
11757
7456
1110
9167
286
1539
7850
3155
9177
7100
5466
6766
10592
1244
7021
9496
9451
11100
10377
9283
7680
4042
3268
8870
2259
8246
3450
11379
6567
6392
1722
8383
4741
3630
8578
8159
5391
8394
487
11549
5967
1678
3518
4
8454
10674
4010
10911
4797
2364
10486
11147
541
7778
7709
5122
7690
2013
11032
167
4597
6997
2675
4150
11989
5128
11515
11588
9765
8539
4247
1290
3246
8644
468
8709
3879
5981
3239
1644
10131
7051
10147
6909
11425
8917
5633
7752
11454
9800
5561
1522
5025
8717
5523
10036
8884
5401
11288
3515
5504
3335
3124
8732
5869
1662
1361
7098
4571
8075
2618
991
8340
10468
4538
4471
7166
6235
11657
1803
9713
4522
4225
9856
1520
567
7300
2429
9773
8496
7390
9990
3984
5456
4203
1010
11950
9979
11718
1274
4652
2748
3840
3028
6562
2664
11346
709
2851
7160
2558
281
10554
9199
4443
4827
521
6165
11266
54
9289
6105
4955
5772
4553
10309
6549
11151
8938
207
3794
8703
8114
8854
16
4465
3007
4981
7779
9700
8017
683
7660
759
7561
4240
11626
4330
10185
9389
4042
9323
10679
5602
1271
4064
2235
6453
9090
174
8698
1129
5847
4696
7265
5467
2312
11503
4786
3589
2582
9955
11852
5286
10219
4985
4391
5744
9941
464
8336
3052
7750
8691
9119
1090
11290
5243
10430
1015
9508
10208
1573
3480
2395
3889
183
6056
9588
1689
727
6035
3042
2649
7387
11847
7811
5483
6351
2786
8072
6523
9418
4571
3145
8011
2050
7445
137
8592
2606
111
6121
8577
9472
6748
5479
725
11165
3649
5030
8775
9211
4781
9005
853
6708
1570
3720
11165
2963
5713
3981
10968
2437
2628
11757
2893
2493
1352
10629
3026
1010
4261
2773
10926
9933
8964
8922
8933
6168
3003
3792
6565
8982
3751
9881
9763
11144
2897
1322
3929
1550
1437
670
6412
11920
2846
1020
4056
7378
9357
5779
8827
355
6808
4720
3313
7200
11494
5595
8005
3267
7772
7629
11781
4984
11871
8666
9929
8470
7428
1474
6271
3801
7729
945
9603
5853
4451
8419
9682
4866
6904
2313
2372
2529
7335
5518
11322
10304
2834
7677
685
6104
10673
10535
9907
1179
3613
944
3487
9107
8834
2900
7888
9351
10508
5173
398
10640
3944
4618
4777
8675
379
3179
11866
6287
4085
904
4162
2125
5404
9915
1443
331
10654
7380
4056
371
2539
4905
3391
1321
8784
5578
3279
10352
139
47
7749
1047
1765
11601
11522
11403
4156
5061
66
11955
1379
5692
5778
7482
5336
3889
3956
1064
9067
5545
6819
7033
11844
10354
1640
5423
1853
5123
8362
1047
10723
10349
6680
9153
11966
7807
10629
851
8635
8887
2024
5126
8032
1651
4955
8189
5272
7272
11590
7331
8829
3563
11119
9128
7895
2720
513
10965
11452
2182
8064
2348
6390
9706
10269
8297
2871
4268
9699
3352
11288
9343
1802
3361
2771
8397
421
5144
8154
89
10881
7522
4593
8751
69
10935
8781
2075
10796
941
8730
2812
2940
5407
10594
2359
8628
4029
8758
3746
6573
10089
2703
11388
4215
9892
10655
1276
956
11397
4019
7985
8012
11836
11921
9847
7833
8874
1848
9142
5009
2989
2508
9873
10773
2188
10401
11920
6884
8063
4508
10869
3695
2423
3624
1758
1553
6309
2490
257
4496
223
7790
8480
8299
3732
3438
650
3468
6329
6250
2300
5648
11588
185
5410
11176
7048
7790
1134
6160
3217
11290
9265
1457
4217
8998
7486
3317
8275
1252
5811
4235
202
4072
8235
10667
2379
4018
6657
5794
7473
6486
9611
8403
9251
7666
8043
1203
9305
1939
10645
11554
7370
1219
1704
6565
5159
7012
1406
8949
4213
11501
9803
9739
1286
2940
3312
5131
8105
8939
6694
9239
2090
8943
3813
4395
2738
8269
1351
5955
814
10522
749
7119
8409
9030
5231
7385
7088
1141
2673
7557
5013
11796
9375
11041
7878
2737
2439
9279
10842
1054
1557
8699
1402
5445
4350
5408
2242
4651
9266
8178
6546
9997
8167
5846
10178
6737
1303
307
1314
11191
267
4653
724
10121
11837
5755
10903
3864
5266
11750
1579
6962
1651
3393
4894
11789
2371
111
3598
3726
6445
877
10152
10906
5796
6642
9425
9314
8929
7095
8950
5336
11510
3879
4263
6296
6549
5177
10887
1575
7630
2714
10817
173
5621
3720
6133
1290
8745
9301
9473
4578
11675
6917
2546
4161
5478
2313
11757
3351
4802
11244
4226
3171
11574
3736
2101
5400
11814
7392
8027
5768
9818
7356
6002
11277
5992
5111
1596
9329
9077
120
5574
1381
4242
5629
9479
6346
7759
2541
2582
10729
2437
5334
8824
1745
9994
9321
3977
10186
4756
9380
7266
3777
3824
2353
7993
1111
9807
885
2497
888
5712
7297
11841
1321
11334
6415
2104
11998
2650
11869
5064
11285
2312
5390
9193
610
10183
11050
11586
4496
10216
10117
2367
10171
11618
3356
6497
931
2258
10110
1606
5098
2754
5371
4649
9508
6413
5357
2564
8909
9393
10676
9071
480
4999
8232
8878
5862
7938
2392
2280
11689
630
4688
10992
11539
6400
11471
10526
3572
9333
447
3074
780
6076
11925
10007
4895
2614
4818
556
8417
11214
11163
11119
2071
3303
11834
11846
1184
4956
601
11775
45
2925
5388
4767
10288
4868
10736
5844
1625
7440
6022
7261
8992
2327
1814
7758
3201
5125
47
4906
6695
1094
8327
9331
11773
1400
2677
8804
5890
1346
10446
3840
7198
4396
5825
10365
11435
6475
4605
11415
4598
4054
8263
10555
8563
948
4400
6774
2824
2572
4792
2149
9052
6527
5951
1376
3929
972
6109
2529
3965
3136
2934
7004
3542
5600
8032
9573
397
7695
7431
6853
11088
1349
11771
8201
10646
7186
11777
3162
5760
9414
7896
2098
9217
9279
9574
9426
1181
2344
7693
188
8113
8789
5053
2247
10654
4239
4566
10374
7793
7278
2938
6874
7946
10837
3164
121
4254
10098
10003
1458
5523
3318
4907
2421
7638
154
10479
101
3135
8620
9570
8668
6795
10713
494
5712
6710
6050
11619
1014
9224
2522
1710
6740
8450
11000
8943
11745
808
9571
1334
2827
2057
9560
8684
4213
8772
755
8669
11420
2028
8823
5810
8892
10274
11774
1382
10388
2909
2686
9118
3081
8075
524
5667
2712
9467
3931
336
9825
9677
10328
5451
8265
7666
8397
3002
6571
9380
4243
2850
6747
1399
27
8768
5150
3660
8807
3011
2823
2882
610
3835
7578
1305
8451
11546
3499
11623
2973
5166
1266
4719
6941
3691
793
7916
1464
7157
4170
1818
3101
7411
7747
1757
499
6442
5421
10949
3126
1570
6817
1115
4977
11492
9994
8244
2791
5380
8706
6473
11349
6693
2953
1830
7848
6276
2663
9566
9158
11571
11837
4333
7895
402
2327
1245
5830
6825
4697
6069
2040
2873
10121
8369
6520
5863
381
6375
9629
7985
2281
2667
3802
1481
2566
7481
2355
2549
3553
7481
11023
396
8118
10352
9037
6522
11594
11311
8076
1263
7306
6921
11361
10096
2137
8092
7439
2882
4432
2141
7895
3432
8972
7121
7236
248
6414
6264
2656
10197
11765
2550
9137
1126
1866
775
1542
3086
3792
3375
5892
2809
4239
4424
6914
2498
2619
11841
2289
3749
7549
8731
3632
2533
9766
9177
4343
7722
6250
11434
4840
7488
425
10603
10502
5194
5803
7277
799
9022
3267
2500
5671
3579
1472
2556
5056
1161
9370
9699
9864
1035
1917
2868
11260
1320
4346
3780
8250
5495
9104
10454
906
496
690
2329
424
11584
1098
10585
1323
8835
10403
4054
1680
7109
3292
1399
4181
5713
8942
7695
83
11787
586
4613
1832
2523
4538
5644
8148
9884
10100
9535
5772
9338
5933
2201
2910
1430
946
9785
10523
11603
8577
1385
7197
3705
10620
7179
1234
6061
2334
8219
3881
5631
6536
4151
10302
4056
6758
6413
1933
777
4285
9179
3287
9395
10955
10382
43
11631
9135
10610
1457
4943
10107
4482
4644
8809
10333
9312
11223
9124
9696
5439
10093
3884
8756
11583
5779
2491
3464
6840
7842
9502
1451
6727
3246
7553
6174
11650
10380
7446
5622
4729
605
8004
9202
1648
6731
8341
3593
8445
5729
8559
6019
7725
9337
1653
5318
1721
4796
11545
9603
3946
7089
5668
7962
1894
5396
1426
10835
11318
2326
10106
7113
48
10620
7439
9912
8166
584
3065
1170
11501
10422
5495
3844
3060
4908
943
5452
5886
7569
11554
8063
5192
9502
3029
11572
5319
2455
1591
1198
2145
2534
11419
10629
5998
8093
4388
9075
9967
2892
7942
9763
5718
1566
8264
6958
11462
2661
10766
10617
2692
9256
9957
6119
9646
2157
339
5255
2104
10116
8815
9748
6263
3284
11371
84
9825
4316
4462
6265
6298
10034
6481
9325
7699
9539
11126
3087
8401
3897
2235
10576
3844
2223
8778
10886
4152
9022
9206
2028
2359
4063
6284
11384
85
4871
10738
3863
3889
1045
10717
4747
7391
11219
4099
5392
7447
9337
4
7606
7216
1251
10688
6474
10931
5306
11103
7763
10496
9586
944
4774
10744
3985
2843
4625
10232
990
6685
11389
3956
9258
7638
3421
11130
4626
477
401
11413
6089
9218
2229
535
1579
772
909
11215
66
6563
1887
3576
4498
437
3068
11010
4581
7215
11810
8443
3127
3379
700
10489
10919
8121
3773
6718
4538
913
4019
4536
3570
1203
8715
692
3843
10570
3005
431
2058
7812
2581
569
208
2987
8998
1545
5579
5237
10288
1498
7945
1585
5028
8939
7738
7450
7824
5348
3477
6676
10464
11290
11712
1256
9561
11146
3998
10686
490
8575
3092
6011
10803
9100
8600
2170
11992
9919
8741
90
10631
4138
3665
3281
2364
9042
936
281
7078
1867
9344
8366
2829
3722
9113
7253
3705
892
2883
6367
6768
8697
488
1304
9593
2406
1623
8697
8642
2420
5881
7533
5820
2975
3460
7255
41
3112
10005
619
10476
11448
1554
6265
8412
4500
4553
10386
5228
1892
5100
10600
2991
8694
5347
302
5523
5510
941
263
11528
603
5871
6122
7456
7419
9839
7718
2304
11332
10466
4801
3338
1253
10175
9698
1030
951
5502
6890
9045
5482
8909
8217
3138
2106
5806
4564
1153
4384
2559
6408
1040
8831
4657
10456
947
7588
6029
7903
4882
10044
6637
5474
5319
5108
6058
3382
10354
6109
1633
779
7611
5794
11107
7005
2087
5907
5302
2072
6469
2121
463
4368
208
4815
6271
3393
11721
7233
10372
675
4569
7048
11392
8580
11353
1163
9983
785
6225
2752
11338
9571
10621
10175
2921
7809
10688
5296
3835
9720
5340
6100
1257
9932
8519
5165
10836
3294
6409
11649
1700
136
11792
11895
4920
5331
7604
8568
789
4484
1983
10452
11229
1019
7700
4601
4891
1636
9838
9493
6227
10785
8965
6154
5801
3298
10745
1923
5587
2240
1060
6601
3733
4228
6186
9173
4492
7192
2417
7133
6514
5512
4791
11611
661
846
6116
6100
8760
5766
3556
2530
9386
3414
4321
3740
5845
1930
767
10115
6876
3275
4332
233
4457
8338
3172
6805
5219
11864
267
4001
6530
9724
4954
508
9240
11470
11466
10167
6353
6848
3058
5047
4566
4105
1616
8104
7667
4410
8402
10284
9187
624
11690
7995
10515
9908
3528
3343
7814
8258
2706
7317
4680
7143
4251
11345
11331
5736
11385
1182
9477
3015
1828
7079
6631
6183
733
11454
10709
9294
9219
2044
9147
10938
2609
4553
8590
4037
5965
6258
1355
8482
310
2890
9416
4325
11254
5279
11573
7650
10239
1829
792
984
1695
11857
2313
1282
8685
3121
1216
971
5371
617
8536
11509
774
10713
1798
6088
10698
5235
9048
10820
3637
5869
4934
11706
3652
480
1391
8105
6828
5515
7714
4164
5907
10592
9480
3827
55
10735
8872
10516
1419
374
8301
1511
5274
3334
1070
5290
2024
8464
4983
1707
5167
7402
9312
9961
1580
1161
2509
3613
11082
7782
11286
3759
3202
8276
7388
6514
459
383
10433
11542
7150
1383
5567
6229
8807
8251
7539
5350
5896
9935
1902
8720
4256
8313
3647
3358
11938
1628
5457
2037
3764
4734
2076
8877
2889
4470
1953
10790
4982
7789
4367
11064
7408
2948
5650
286
6873
4188
9928
8051
6493
7729
9959
545
11085
7763
8189
4120
11716
5320
7085
7319
7166
6448
3060
7629
914
1101
10008
330
7636
8471
4493
11347
6913
154
1065
1876
9981
9681
8936
11864
9799
1313
10478
5971
5606
6921
5481
7769
6322
10855
3078
7212
2810
5395
11508
3244
8942
1250
10561
1528
9804
6916
613
10762
6089
7413
1541
1993
10841
4990
8625
1547
2175
3834
4721
7860
7496
3633
10494
7491
6903
1067
7463
8
8146
7857
3870
5168
2423
10948
7065
2964
7691
8744
6152
7648
3887
995
7032
4663
2567
1023
10808
759
7934
9406
5645
8134
5102
2086
11765
11488
10669
7059
3123
276
252
8347
3666
11169
3675
7969
8673
9895
6776
7879
790
7159
3609
8590
7728
10174
11878
3252
431
7658
5913
11409
8666
11753
7394
1482
11531
3332
8218
7235
3308
11582
10535
3022
8370
4443
11953
9621
2503
5728
3254
713
8107
7126
9731
9833
11068
1305
3291
2627
5967
5507
5052
11780
1417
1693
2911
11700
8869
1325
5862
9350
8149
2223
6424
6107
3296
1726
8520
11544
897
505
4496
3281
8212
10908
3728
7855
11751
4560
2325
5499
6798
284
2963
9306
517
933
5711
11966
9831
849
2947
3549
165
3966
4077
9310
2490
8390
730
1493
7688
10386
4487
11421
9383
7248
6902
7830
744
10394
5701
6537
11600
1285
7507
2915
7327
5430
8322
8523
4581
3725
8184
2416
2779
9767
4076
4238
8609
553
9098
146
11455
4119
10283
11945
2703
1134
2200
10509
1304
4446
2536
643
7734
4727
1368
9975
2709
4099
9688
11297
7531
2567
10964
8
9829
6503
2127
7820
11814
6187
9369
8881
5787
8533
11455
8808
3700
11649
3041
8769
11980
1770
10550
9876
9632
4359
5626
3577
4798
1798
10122
1563
4480
4138
3689
5907
2076
10711
2759
6720
3652
9216
9603
8580
549
1008
542
4277
976
823
5143
11154
623
64
7255
5360
2180
5062
2334
8840
9752
9306
9252
10622
10748
7707
7096
10255
2723
11309
23
756
5948
628
10237
9416
140
8967
8502
7097
3852
9500
1340
8417
9412
7902
8166
214
7112
3457
4088
10193
7524
299
6973
9454
312
10401
2578
11803
3918
11332
9192
1324
6687
8583
3171
7650
8753
8341
11154
7657
9001
8181
11415
3067
10847
3960
3989
1460
8388
7512
6605
5675
614
3342
7393
5399
5949
3562
11512
950
4274
660
5459
8807
6903
11506
9834
5422
2639
5065
6631
4162
6082
2889
6918
5908
6776
7256
8830
948
585
11145
4295
4225
1840
4858
1786
9821
6365
8106
9577
5792
1374
3752
9639
4997
10565
10206
2259
9545
1370
11548
11834
7800
10384
19
6993
11582
10400
6369
3386
5269
4286
7827
8838
1975
11095
11113
2537
8771
8336
4871
85
9155
11287
10368
8863
8514
5464
6974
7165
9293
10098
2158
1871
2906
2454
10196
9200
1113
7282
11677
1149
8676
462
7196
10753
9546
7104
5195
8096
8664
11844
11981
6304
646
7077
5310
284
1221
7099
11692
9018
5202
818
3703
8519
6137
2742
7126
7343
7452
3364
2586
9608
4999
11865
6654
3977
10336
2197
3000
6921
937
2211
9194
6777
7696
4317
1145
1772
1649
9567
2933
118
4860
4632
8907
5660
8634
5232
9461
288
4018
3980
9759
6436
2567
7403
1976
1439
5815
4062
4205
8435
1728
5242
9263
5653
9595
5600
1940
5612
9405
11444
76
9666
9696
3004
896
1738
5192
10080
9642
3796
238
7860
8348
2704
6123
1543
915
5631
3823
4509
6253
4968
10534
1356
286
10008
10546
8049
5990
7206
594
8675
6402
3838
4775
2030
4675
3211
2429
11252
1766
5338
8098
4147
6223
1073
1743
684
3808
6185
9854
7231
9331
8711
7884
10726
11070
10166
7700
1832
11548
772
10244
2463
3203
4865
11598
1694
9609
4990
5953
11160
434
5927
11675
8411
3203
4993
4754
551
11181
4445
9354
10570
352
7661
4005
1410
11476
11031
10201
7671
1557
2042
1710
10152
6890
9101
11883
4132
2904
7897
10529
2297
2610
4935
11691
5655
1289
6902
2651
10579
10354
5044
1016
5271
11937
8578
6493
4498
7781
6403
1229
9354
3380
1963
3106
7114
9094
4100
6365
892
6088
3111
5249
11879
473
11925
1047
4329
5889
3428
9017
9299
1046
10476
9069
11252
4389
10923
2978
4238
9034
4311
11048
9248
7532
7393
6714
3638
3775
689
4591
11201
6491
7618
5698
5475
9279
1466
3375
9345
6055
1587
437
10729
11986
6672
2570
9360
2684
7816
6795
11180
8408
7326
1037
2808
9406
802
3404
4814
5327
8045
5707
3215
11724
6659
5124
9648
2207
2968
6570
10083
5706
3980
422
1755
506
11571
9704
8134
8441
1983
9644
6310
3556
7897
2747
4095
6009
10976
8055
9424
9681
11767
6254
10298
11161
7180
603
9591
4224
1498
7342
7407
9867
8995
10323
2522
7163
6699
7068
5569
10909
704
9271
8186
7970
10667
7934
2280
7688
6704
3966
11822
6412
2947
10962
10267
419
10282
10213
5761
8935
9606
10757
7675
1891
2005
3245
9820
1329
3738
3972
1874
943
1762
4123
11076
5332
9799
5604
5160
4862
9493
10286
6826
5845
10254
10540
11663
8843
10669
9193
1521
6438
10150
8774
7751
7698
9570
4977
3466
5807
6107
9725
3237
11993
6395
3027
10094
2872
5302
10061
1668
9757
5253
8417
9606
9162
2995
10473
11011
9975
11097
1117
5774
2183
10123
9798
7018
6998
629
9898
3700
8433
9526
3931
4587
8069
11240
1848
5339
3723
10358
7943
11390
5125
3005
3444
6564
5501
1203
2810
1080
3044
3825
8064
2595
2825
1470
11214
10386
3523
6709
7898
11564
8677
5601
5787
11350
2740
3287
11166
9028
6276
1636
4269
5064
3989
578
4547
5227
8071
8699
964
6150
1449
3062
3777
7877
5081
8923
10937
10308
2264
5114
2302
287
7258
392
2366
4218
1100
5829
2935
7633
6535
4629
11484
8109
4362
1306
8422
3131
9248
9174
5495
264
228
8420
5843
8959
11583
8812
9947
7788
1691
9134
6782
5684
10741
11989
11919
2906
4755
7407
4161
11024
3476
1967
5494
3121
6982
9732
9694
7709
10689
1259
8914
8501
6550
7356
2850
3270
1735
6900
5841
398
994
5236
9273
3529
3146
11085
6158
917
7803
1759
1560
8596
7398
749
4717
3397
42
6299
2342
11175
8430
605
3465
7226
1185
4630
4562
3961
1571
11203
1370
9285
10304
1270
10898
5948
4555
8552
3563
11302
7812
6776
5233
413
3279
6865
8124
9436
6924
9059
8111
4412
4996
8951
3929
7363
10997
6747
11084
542
605
7814
3983
1180
3929
5662
7881
4805
713
2014
9662
7419
7805
2443
7332
7344
1135
2317
8279
4459
4922
6366
11935
5864
506
10197
1407
8650
4409
9411
9029
6521
3691
11729
4371
5420
8586
9619
467
2089
7639
9423
8330
10700
9235
3794
3725
193
5371
9549
7385
918
2977
577
8347
9413
10779
5487
4122
4900
5901
11971
6689
2039
1876
666
6009
5950
2623
8324
4840
7302
7224
9629
4080
1408
7968
4856
6669
11848
11142
2764
325
6005
2409
6752
2909
7273
4433
3275
9204
4270
9474
10874
203
11508
6258
7900
9700
4338
10264
1135
8038
1840
5845
5959
7360
405
5267
9605
475
402
3700
2257
8708
2167
8645
6351
4619
3875
11002
403
1485
4514
3142
8108
2721
4243
838
2074
1117
1789
6821
6790
9874
2389
11966
8789
10840
9907
9766
5908
8177
3307
8759
3733
9908
2619
9947
11934
9334
8751
4031
2176
3299
7250
8406
10659
4576
2110
6377
10034
1347
8154
6940
9599
7854
7304
4740
9118
4708
5245
6453
2478
5197
6496
1844
6630
1108
1851
7150
2861
10187
8425
3187
9431
7265
11218
2739
8954
8450
10149
3254
2644
432
5940
11826
4646
9094
5996
1625
3143
6966
1635
654
8821
4017
8528
649
9450
6347
1142
10385
7993
11006
1297
11366
8616
8086
8546
1062
6313
7540
10220
1318
11623
1916
1326
7470
9992
9236
3325
8978
7834
715
3934
5009
6183
9847
3720
4393
8076
2556
1074
2811
11388
6731
11531
2788
865
1337
8010
8229
3398
2732
5634
4745
9353
10383
6175
1883
9866
10373
10981
11667
7504
6457
7402
5452
5504
3287
4291
8173
9101
4610
9041
3352
4999
2830
9939
10119
10070
9268
1293
10503
9663
10765
8797
3891
7715
10001
11040
5330
8874
5956
5870
1672
11390
1380
1461
2197
362
10004
5490
8319
10151
9360
1758
417
8381
1723
5871
10561
9951
1583
4252
6039
9799
3395
7838
6154
3911
6069
9179
1551
5188
4722
11509
9699
6221
9660
465
5712
6927
5393
1737
10757
7208
2683
10783
8640
7378
4192
10102
6966
10141
11246
5175
2365
5189
5573
8252
9821
1286
9558
11571
6001
2756
9608
2401
7775
7795
3741
5455
11704
10907
2246
5761
6352
4935
5529
7015
8601
3835
1806
714
3942
1248
1263
44
4863
10354
4604
5534
4930
9154
647
4919
7075
2491
11667
3431
6859
7555
644
4920
3096
1496
9426
10732
9277
6002
2951
4216
9566
8288
8334
11990
10952
10942
10485
6800
8244
4402
6319
8818
1121
9618
3281
8671
6339
8478
10989
248
1447
6159
5246
2563
3011
8330
5523
3404
2356
3405
8161
9519
7212
11668
10166
10293
425
7014
2391
10598
3036
5480
10241
7510
10497
11401
6699
3022
1763
1166
4617
8654
1179
2058
4579
61
10753
9428
11535
4247
5430
11799
9564
940
4358
7996
3728
958
862
7465
4893
8075
9060
4220
11756
926
9472
10665
9984
3935
9950
9578
1468
2988
5441
7067
1126
6827
778
10147
10528
2585
2705
5810
4808
3889
10698
8089
11905
6177
936
1570
1114
6609
3909
8188
7277
6934
11632
2838
9606
9147
7364
6496
4247
3516
4970
4942
1107
4768
8689
5127
2305
2733
5110
5372
1820
2682
9526
8252
7453
9887
602
5961
3195
2582
10437
5337
2416
1581
11591
9440
1963
7183
6565
10673
6368
10816
10466
8953
5777
55
4206
3244
1078
1134
7654
8044
10857
11056
11474
9982
7422
1652
5202
3689
9080
10640
7227
2453
11150
5739
3840
11899
927
1364
3437
25
3868
3164
188
2457
5718
5876
7150
7557
131
2495
9779
8334
3539
1673
3234
6664
2570
11558
10569
6310
10310
11955
10082
6606
9987
6735
4612
8383
10383
827
11418
7834
10332
8923
2570
2477
2129
4201
2422
10258
11490
2924
2718
8027
6902
6642
7300
9275
9784
4090
3132
10956
2817
1486
497
9596
3137
2991
4728
1623
11774
2527
2731
5941
2803
1926
1816
6269
7125
6548
1987
2620
590
67
7847
5504
8433
5021
683
3074
7495
3029
11027
8402
719
2247
1150
11408
6680
3661
9460
1737
2644
254
8616
6954
2707
3868
2514
901
11024
9737
1850
11949
3947
6245
10046
72
8119
5335
4656
3315
6100
3328
2191
6153
5110
10559
10372
10653
11733
7267
9381
8050
2182
8647
6558
1442
3764
9688
1234
11828
641
2656
2039
9528
9820
4587
2045
11286
1485
11085
9476
5932
1376
6009
1483
6506
11853
4316
11632
10028
10616
7334
2222
5924
11764
6198
2519
6133
10913
11959
9143
10462
4586
25
5587
1574
9883
4176
7793
5269
1642
1261
10117
1248
2900
8042
6776
11632
10373
2252
10017
753
2021
1029
5733
2579
2492
1270
8169
7118
10224
4269
5599
4748
9552
7153
8506
3180
5892
2173
800
4043
4325
9854
9000
2670
5468
7234
4067
7647
9452
6193
11715
10034
11187
798
1527
5919
1745
5109
9112
2045
1819
11619
2765
743
11607
11700
4776
3268
7352
8967
5502
5851
3939
4364
9726
6389
11508
10119
9586
11687
6021
6326
6491
7495
5053
1001
1948
6354
2717
7852
8125
9323
11793
3795
5212
3182
10490
2443
6320
4536
8187
4297
9610
4476
602
7318
1800
2079
8504
6840
6896
1983
4953
1457
1170
6646
2441
7550
11919
9626
8960
5540
11381
8317
11123
3768
8525
7059
6907
3036
5985
6411
2405
4406
11471
11575
10186
4776
8370
10598
9412
9037
7002
6933
5855
10275
8119
1317
7217
10543
5794
632
9927
6131
5680
2549
5595
7074
905
4195
2814
768
3524
2992
2770
160
10418
9994
5360
1846
4951
4683
76
6738
3456
5179
4860
1612
722
1116
4457
7904
3227
6252
7515
2510
10685
1900
8718
198
3779
4820
4722
10330
10577
8007
2466
6200
131
6096
3638
9195
9159
655
9650
237
2461
8679
11425
7707
3867
9876
7620
8021
4013
5165
9611
8505
2147
7805
5641
5971
7404
2139
5980
8571
10649
10756
11767
5067
988
1087
2414
8560
5437
9115
4008
10993
7978
4781
8118
464
7422
7102
712
11377
9952
8683
2632
1890
6139
1452
4074
11944
5470
11915
8073
4266
6090
7062
1704
2347
11426
1339
1011
5260
4793
640
10174
11501
9830
9301
9414
10717
2717
4422
3458
7191
1700
566
11067
2406
4281
6987
4204
9784
8711
7032
8916
2875
8081
9222
6736
803
10285
7712
1723
11708
11523
6489
3728
2193
10810
2591
3488
10490
10026
9039
7466
9056
2630
11857
4022
8768
9979
1704
7614
1658
1502
11081
6141
10303
5608
10953
2412
1513
10177
7880
1855
9923
4945
6298
3232
7319
8781
620
5007
2260
1043
2172
11395
9570
1679
6694
8764
10676
3647
9256
5196
9619
9477
2925
3399
3662
9447
3343
2046
8007
5836
7655
769
1041
8130
10780
11645
1830
5791
9044
2925
3219
4369
4517
11127
9977
11214
11143
11262
3828
2943
3842
4079
3992
2118
4280
7644
1038
3139
5804
378
9403
9470
5312
9926
9829
3630
3423
8741
9274
8168
4279
7272
8532
9987
686
4931
4805
7875
5019
3726
7937
3999
9414
9539
2763
2377
2285
5431
2244
4978
4013
4249
2546
5122
4913
5927
8190
8212
5193
6526
10672
5631
1579
2951
5604
8742
10661
1633
5499
8444
8711
11163
3730
9648
9875
9918
5965
7270
7078
2209
4590
987
10869
6263
5141
2021
8630
6560
9685
6584
10229
11660
412
1397
6110
2528
3337
10828
8242
7786
7060
4689
5005
902
4974
656
6275
543
5062
7486
4368
4612
9639
896
10434
9458
11894
6941
69
5841
11036
8130
8544
2868
9135
9282
3020
6029
4396
7261
10496
5829
5680
9228
7911
11155
1476
5956
5015
10648
7341
9997
7012
5751
8971
1129
893
6973
1642
11555
2598
8056
8641
10637
11725
7367
9618
5808
10519
11728
4468
6364
2207
7267
7381
8378
2482
6544
1104
7874
9044
1282
3292
3653
1588
9513
8944
10780
4494
717
7501
6789
8666
4804
6088
3027
9631
274
5664
5312
3946
5941
6524
1247
7327
832
3649
2012
7645
655
2793
6360
54
6240
9004
11800
5972
9845
10458
8592
8502
11039
9989
180
8129
3042
661
7088
2091
11035
3988
6045
10852
3823
2080
285
7421
11651
10075
10421
10021
1577
8556
2221
7689
11968
3540
3875
9904
9055
3712
10943
5145
5385
1173
231
7578
8127
8859
2203
9609
4831
1103
11285
5066
9159
3463
602
7118
7416
11986
158
8747
8445
2500
7350
1734
8489
1333
2017
2571
3101
1973
10822
10566
9984
3803
3766
4657
9856
10900
9082
3054
7005
9209
5433
7777
1151
7066
548
6562
11552
9084
4905
3306
10982
4837
9956
3320
7321
7571
10674
3180
5884
6330
3809
2771
8500
9447
10282
1393
7515
6239
8491
4368
2477
1075
5129
11599
8223
7615
3181
859
3381
3088
9318
8349
4043
8892
2794
7122
2389
578
9200
10526
4541
9459
5063
6580
11709
3626
3310
8516
1916
76
6982
10260
6162
1931
5351
3654
4801
3429
10749
6529
1299
361
3890
11516
5162
5118
2398
2558
5952
1210
7470
3573
1741
2387
9291
1572
10162
5960
6771
4783
2446
4870
9628
2906
4386
4352
519
3641
3115
4680
10166
6949
4932
5557
6805
6265
3085
8108
11310
9990
3512
1232
8482
5026
973
8249
1735
1038
1856
5291
325
7307
1102
8850
7746
11651
7309
6145
8609
8914
3990
8660
9500
8810
314
6247
4791
3694
5325
2602
7307
11918
7736
2714
9961
3902
6844
11055
8155
1931
10904
5831
5731
876
9542
7524
5634
9704
8336
3233
2247
2550
10636
2034
5444
5562
4051
8565
4977
11364
4694
507
7640
7184
7376
410
8964
1111
4366
7446
3803
9810
1193
4295
8202
2283
3122
2195
2300
5839
6542
9550
10824
431
9444
2111
1806
3863
2486
3838
5749
3124
8855
4902
4255
8173
3182
3148
9489
10024
1255
1461
5408
6794
9068
6035
760
7641
11946
1472
190
7099
8086
7917
9595
5312
1776
5101
6982
5031
1872
10230
6604
11939
857
1050
10030
5005
10826
10219
9078
47
1223
2295
10155
6510
2983
8180
7593
2717
10897
1778
4919
8484
6629
11938
3790
11899
2763
9375
10440
1489
9540
9371
9007
9706
10686
10414
2
4740
6813
2758
422
11206
4265
1063
9665
4042
10183
9772
2405
251
4693
6866
4004
9664
2752
10880
7716
2919
7095
5730
10199
217
6060
5997
8245
6088
9801
3663
11600
1577
9406
10139
11971
7703
9961
10561
6975
879
6362
901
9783
8281
7924
2328
8592
10665
2378
1563
2860
8203
5809
6651
7312
1204
4418
6589
285
6331
679
8691
7873
10052
6539
11350
7531
10506
11760
25
524
8868
335
2847
5535
1466
4094
5109
2192
10578
6182
11249
7004
10749
6092
6571
3343
2889
4179
1006
3626
8091
1364
5622
7721
5231
6736
7391
4877
4916
6279
899
7124
9157
1709
3210
64
3416
3664
8017
405
9255
2017
3520
2317
11802
6066
5131
851
10619
8656
7124
158
1257
8999
4824
3127
9925
9033
656
5355
7144
5597
11592
3947
10151
3545
2049
4712
4007
9100
11233
5654
5
8328
3176
10473
2930
8586
9446
6869
92
9076
10472
11014
6778
2377
7923
11389
4871
11887
1320
10490
1881
4541
1238
5506
456
4031
1021
1116
11714
6909
8828
914
1300
569
8115
2747
1095
2028
3364
3379
3811
7751
2867
7425
10482
7483
7811
10343
9945
1104
724
5586
2877
10987
463
11630
831
7144
7517
9571
927
10686
2270
6446
7468
8625
218
5127
2728
4087
3729
4806
8529
8246
55
4584
7907
10034
3660
8601
353
751
7765
6341
8514
7144
3145
6450
11139
2326
5793
4374
6286
11156
4938
7520
2392
1224
7243
2417
803
566
11641
10482
11700
8544
2344
2489
4118
3022
6934
10781
5836
7076
4278
440
8377
9859
3171
8377
8288
7146
3118
191
3991
1218
1633
5154
218
1362
11704
1342
4912
7173
2718
8140
8930
9216
6242
1809
4540
1264
2397
9731
8862
9425
11432
172
4833
1897
10208
3082
7190
4968
6900
9406
141
3988
7089
9840
5043
715
6762
652
4339
2307
4360
4386
8423
588
7093
10732
8773
10936
8132
5768
1834
2159
3103
2030
1601
10246
8453
11479
4705
5624
4827
2476
2048
7838
7486
2274
9621
9063
7114
233
6133
6862
8009
10186
432
913
4715
6822
7421
2117
6545
4902
11284
11577
2274
9316
7331
7396
2406
4700
10594
1075
8006
3290
4564
444
960
5089
9060
10698
2871
1205
4185
11007
4410
5337
1711
1532
35
9882
5916
4341
10382
8070
5069
5825
413
9747
6171
7648
5626
2085
9460
8087
1096
7523
3406
5829
5120
1582
5521
7854
456
9036
11300
11991
9875
1960
6955
11047
6730
1798
3342
1127
11737
3364
6580
11826
11865
4061
3350
10395
8491
4152
9709
5890
3446
11989
11481
4398
7550
1450
3919
7117
6482
3636
10270
6926
11541
2970
3261
6485
5856
5402
10260
7534
6066
9265
7932
7184
11234
1625
1746
6419
8964
583
11488
8853
1232
11000
6208
11995
3330
1513
10622
8846
2641
8476
3951
588
11636
11562
11569
7473
11492
10325
9528
6694
7200
867
6167
