803
9848
3653
8192
3429
5874
1086
6433
6358
11219
272
9776
3537
5519
7921
11821
10078
3416
262
10246
6906
8266
3873
11604
11581
11021
6274
1445
11167
113
1426
4439
6108
10223
3034
7464
3576
3313
4755
4241
582
8056
6914
3122
7407
8079
4295
8015
4478
8925
6817
4191
824
663
631
11880
1582
11343
7153
11020
3771
4231
6019
10475
7647
805
2719
6251
7423
3964
10822
1897
10025
3713
6275
6287
11749
2791
1164
11363
8308
6280
600
1185
7743
1193
9102
5759
6019
1337
1847
4651
7848
9490
11607
6243
10417
8953
3977
6799
3142
32
1652
1085
4450
3804
9079
9361
4819
9722
5707
7904
1898
9207
3362
2001
6519
6291
4935
1489
11775
8738
5627
5424
7049
10739
8387
2357
5010
1359
6012
9937
8045
11379
1494
235
3476
975
11802
1141
124
11893
146
1633
6397
347
108
3425
2062
6821
11669
1676
194
6272
209
2934
4566
4926
6983
7376
804
3969
3352
10683
9157
7821
11242
2502
8532
11573
809
1482
7743
10313
3256
11235
10467
4675
9988
7358
3405
7871
995
771
528
9820
11394
11137
7951
11638
5453
2044
2169
8894
10239
8849
2789
2415
6198
2749
9804
7309
7493
653
8661
10032
2883
9816
7982
9920
4178
8926
4783
3544
16
9541
2384
11592
9699
9204
4946
646
7302
513
11662
4334
4009
10648
1116
3757
8834
1522
8185
5930
10409
9696
4081
9178
11446
11631
2732
9982
6773
11580
5702
2751
9511
10559
3179
290
5999
5382
2303
2444
6495
6573
227
7493
3482
9298
5747
7274
8551
10038
4226
8887
8410
5774
7758
3000
4457
5818
4118
3349
6667
9204
10019
10007
9196
680
10582
8279
6161
7845
7608
5799
11469
8890
397
4497
6351
4627
8303
1515
4444
10159
2080
2001
786
534
5318
2913
6030
1124
1851
6515
4446
7223
4012
9221
1985
518
11971
5753
4684
10549
2109
2286
142
3227
10489
1315
1566
1680
5987
1447
3061
1376
4457
7132
6401
3460
585
10542
9390
1639
3655
10400
2269
10705
9455
10488
1251
6935
6876
1906
5329
6093
535
9838
9927
5683
9806
5671
8718
324
8164
744
7168
2787
10571
4846
1828
225
4901
6762
8391
9525
3963
11766
8761
3467
7692
3887
9090
8513
6429
5094
8765
1568
5925
3282
2742
8917
836
11968
434
11854
9928
11085
7506
10081
5088
4085
6485
6052
5457
3740
8020
6748
3617
11636
10893
2181
10716
268
9582
4041
11818
10010
3196
1414
3450
3890
9024
1383
6450
1203
7755
6596
4683
8442
1557
3516
10076
6834
2775
2067
8612
3985
1914
11805
8567
4709
8874
5480
3233
3049
1052
11990
7730
11848
6005
5280
5238
3915
10738
1555
10102
3886
528
8516
11713
2376
3306
6897
7956
11787
3221
6651
2216
10383
873
7460
7571
7785
6035
6063
7749
7007
7331
10999
6805
11472
388
8874
2196
2137
7393
11165
7028
9956
10789
821
10758
329
7996
5564
11448
9018
599
5804
4939
3242
4364
3466
893
7174
1717
5800
8631
73
8020
3349
1083
11581
6991
7821
2837
6405
1048
7428
10446
1703
7155
2572
11587
10917
7899
11364
4523
1648
5084
6490
10595
4340
11042
6307
8004
5121
11156
9838
11194
4121
3749
9449
452
3884
2545
4517
3103
3184
8328
10272
755
1680
206
4279
6573
2223
11072
10637
6352
6513
375
9002
7460
11960
8255
3917
6280
9220
4373
11707
7764
10767
442
5316
2101
7259
9507
5988
7189
2089
3433
8573
9733
3626
6872
2516
10268
7091
3119
11194
6251
9828
10842
6310
604
10941
559
1418
4701
835
4056
5425
6761
4156
8576
7052
10966
931
8692
740
3368
11439
8154
9381
3736
2384
5823
1521
5977
3418
7955
8299
9638
9864
3656
10423
1210
9713
5230
11847
552
2515
6451
601
4767
10757
9442
2326
3179
4629
10912
10619
2816
4791
4878
6154
9900
2816
3852
5804
3328
1445
7565
1648
2974
2606
9929
9737
6899
8347
2774
1889
11117
4414
1247
4546
9603
8160
8412
4855
519
5764
11612
1665
9432
10487
8607
9985
5338
7720
9264
3750
2854
2054
8770
3350
5719
6429
8851
1399
9057
5593
10437
8605
387
1708
6461
7373
6405
4861
7193
3887
3863
9590
8509
1968
4667
199
9963
11835
1340
8753
8264
2227
11560
6058
4982
909
5276
5759
6823
2655
3156
8927
2722
7164
752
11012
10330
6105
10693
3063
3095
676
1630
8374
10226
6520
7347
8465
5206
7764
10570
4347
4338
4191
1503
2495
973
7200
2943
5748
11598
5210
2081
11590
2898
9571
9702
5802
191
7781
4451
464
3291
11966
5234
1567
11929
5076
4495
3240
5240
3157
5269
8623
647
1290
3361
7921
4631
5456
2863
5936
9415
4581
4452
8633
9509
10402
9526
10828
6371
11561
7197
7050
6076
4471
3533
6968
9965
1007
5159
11434
11629
7961
10453
3315
9408
5470
11011
704
9726
5244
3970
923
5138
8455
1948
3962
9891
7531
2016
7534
5076
5830
6060
4892
9134
355
4275
2892
7497
9152
1232
7456
7606
10911
8109
684
4285
11583
9101
2313
5668
5444
6941
8033
5390
42
1633
8376
8677
1861
10157
10477
4274
4304
8852
6934
8793
5714
6553
5342
11144
8681
3280
8758
88
4759
399
1436
7772
10987
3627
5616
2272
8236
146
1986
4692
431
3280
4614
11318
54
10835
2744
582
1137
4143
10790
2293
2053
249
4172
6614
6943
7363
6377
4682
2512
3855
3643
1582
8157
7502
2171
9517
74
8591
8566
10600
1946
3694
11397
10585
8264
2531
6371
11155
1027
8337
3533
5044
770
4485
10259
9341
10326
862
6479
9704
8652
10583
2658
8034
4289
5137
517
8309
7668
1877
9284
11837
504
4037
6471
88
4865
4022
11757
572
4318
7742
5493
10889
4635
1075
9669
10125
10111
7301
2899
3184
5378
458
6033
6437
7902
4010
11469
8244
967
9141
5050
9437
6963
8152
8648
2782
183
8081
6089
2721
7107
11651
9045
3366
8271
2967
4823
7767
7327
2174
688
2882
1824
4323
3442
8480
449
5242
413
366
3139
9009
10843
2876
1487
11887
6851
6485
3223
10174
4752
5688
4352
407
4406
5969
1632
5701
10671
8703
4607
11764
6653
5299
2301
2192
11589
4618
918
1171
10593
8935
11547
2543
5372
3212
10893
7420
160
10382
3405
4161
1753
7642
7974
8486
8423
3408
488
1852
5852
5646
1045
10974
10903
9687
1521
4446
2137
9455
1439
11928
1411
2180
5735
5194
3751
1218
9014
2583
4846
2545
3291
4995
7138
3722
7965
6567
373
9876
7903
10482
6870
7216
2049
4146
7389
9062
6827
4034
617
2138
1891
5009
1714
10068
6406
5748
1163
10526
47
7184
4425
438
6316
2421
3406
11925
8490
2606
4750
8305
2712
1588
1256
10584
8196
888
5446
8215
3427
3673
8354
1736
11506
9848
2090
5064
5401
276
3530
5753
8915
10337
10691
10434
7517
1673
932
5991
6997
1911
9058
631
3010
3552
3738
1105
7092
6897
8341
8727
6624
10041
11377
1631
5472
7395
6162
1891
6685
5082
1179
7647
2619
8779
7766
2321
11267
7178
383
7292
320
6217
4611
1055
623
9588
7410
2952
4222
5782
6812
8974
9042
6986
4342
2905
4543
2688
879
4293
10319
655
5512
3221
6593
2198
7141
6820
4004
9253
6133
11716
5784
3758
6316
8303
6596
7198
9898
759
8809
3893
11612
7146
2862
3718
5450
2725
1644
4428
1807
2794
11448
10617
4671
886
8061
3559
9716
90
1958
9801
6687
3554
1311
10343
3473
4892
3668
10611
6529
8253
10667
6139
5050
7254
5050
2009
2363
9730
11472
7551
5427
11466
2278
3670
6211
4594
6392
4423
6847
7247
5887
3014
6094
8391
528
5431
9567
7386
9756
240
10500
7892
8059
6816
3540
4143
1587
2397
9120
2418
3106
2805
4426
11685
1057
2551
10763
2970
6458
3277
8387
4869
6804
7073
10367
4985
10867
3204
7059
11663
434
9129
4044
1502
2552
7431
3135
7505
2701
1380
6063
10533
3610
1324
5986
6895
55
3972
704
9449
2983
853
1730
6513
6709
2844
4901
8162
6675
6640
3177
1173
2414
8401
600
3913
8870
1525
78
8888
5096
3616
2745
7452
640
2201
5084
8367
545
9580
3825
9416
3905
10458
9852
7224
6318
7578
6889
10698
1319
589
4717
6202
10026
11710
1978
3598
7751
10498
2342
11710
5183
1125
7855
9571
4050
11061
8778
11966
2785
11897
3998
6340
8729
11291
8356
3045
7795
7612
745
204
2289
7847
7827
10133
699
2687
6530
10307
9806
2432
8170
4271
3311
3485
2133
10691
2493
1638
3506
1909
10995
7275
10848
10911
1881
775
1515
1534
8481
2068
8514
3018
5305
4230
2804
2705
1441
9389
8317
9703
2366
5919
11624
7763
10997
11035
10288
3407
7033
350
9374
5526
5340
11842
413
9178
9066
1873
5313
11271
9626
1548
7298
11089
3425
4648
5889
282
2318
1754
11277
5004
7348
10880
11122
7281
1155
3069
7916
3492
1746
5868
5453
7025
910
8454
2821
5682
621
1421
9490
10370
4119
5840
5669
7861
11146
8180
10055
9105
4940
8043
10390
1613
10100
4392
8985
5838
5331
1040
11420
5287
5327
7695
2070
8250
1701
4641
952
9599
1874
11445
2582
1996
3216
8612
3090
9167
7510
6145
10805
3563
1933
6293
11852
6760
11266
9512
1979
9376
9928
2758
2927
83
3694
7738
8099
8446
5593
9559
106
11872
2496
1489
11970
868
6275
5114
328
11106
2213
5182
10960
3447
7427
10766
8239
8134
9634
7102
10857
2773
11439
3587
2202
9513
5595
8885
1258
11020
334
1939
4676
1348
857
1938
2916
10779
9485
2874
880
939
8709
5321
4457
10217
6532
5398
4675
3526
11995
4651
4902
861
2678
8646
9574
1936
5215
6574
9400
9299
10518
9033
9810
7917
3383
6342
8609
5103
5591
11403
3382
6969
8313
5054
11138
6263
3822
246
0
9459
10000
103
9471
6435
10010
9
11844
3822
7778
7374
2805
11298
3565
8567
8082
4647
2912
8742
11211
6307
10635
10888
9035
7432
1308
9415
6545
5162
2810
6941
6939
829
8011
8675
538
7265
1581
2902
3214
10143
10154
2552
5476
7476
2706
1689
11162
4920
8046
7991
5893
465
9676
7894
8016
10382
1054
5053
10712
8946
436
5136
3270
9539
5959
8689
6236
104
2549
10905
9194
5756
8464
4653
5426
1502
10957
4918
2477
6571
3510
3083
7885
10768
1526
10064
4902
4575
7086
10301
11960
4362
8540
7953
5992
10141
9202
10388
7400
5709
9313
10148
5530
1792
8688
3071
11981
8014
10103
9093
887
11024
9505
3470
2515
6037
10482
3816
11084
9363
5227
8257
1687
10129
6347
10435
4492
464
5374
7769
9112
2842
2747
6513
8113
3040
4266
6626
8060
5382
10680
1321
7349
9426
66
6395
6252
4230
5050
7046
4185
7572
6688
2855
162
7207
3947
993
4712
1259
4248
5399
7241
9288
426
7832
9905
2339
4708
5134
1481
11468
8951
1930
2585
7790
4414
1209
10751
10963
11682
4821
10482
1396
6178
5939
1320
4054
774
11857
4320
10832
8585
245
5987
9868
3860
9086
4849
1957
7196
5985
7243
6392
6892
8416
7750
7123
7316
699
1895
9012
3504
8086
10319
11279
3004
3338
4553
8888
7088
4524
6876
10679
11993
2495
2425
7445
8723
4605
2795
1986
7191
1715
8828
2287
11165
2389
4100
10571
8436
3411
5836
10831
8045
7357
2527
5803
1183
7940
1501
4952
8453
10208
3000
10126
11783
11384
10048
4940
6082
3266
11412
3722
39
583
6485
8068
11108
7529
11661
9550
693
6975
6042
6061
1970
1421
11844
2577
540
7766
1849
770
5221
9290
2542
9966
822
6016
1307
2341
10630
10695
9109
4055
9575
142
8533
9187
7707
6529
2898
8886
11616
426
7336
8042
808
5040
3329
4119
2822
1046
2120
11415
7009
5765
9746
5093
10389
11193
9160
8720
7918
2460
4951
4856
11731
11815
1646
10401
9582
5049
11378
6951
3701
7535
6941
7327
7684
11644
3784
8748
8797
10288
5463
6765
6184
8692
1421
2138
33
10232
3607
9236
579
8279
5579
1363
5137
4467
8147
9529
7963
2660
3443
2797
5761
1126
4525
188
1051
7034
10167
467
6360
3360
8451
6772
2337
4644
4108
4110
2424
4796
11239
7156
9564
7213
9126
9565
731
6984
2306
10214
2675
2798
4876
6297
7289
404
3238
8137
9417
10081
9015
1852
9641
9557
2871
11714
5770
5157
6250
10031
7214
5714
9780
8860
6372
5866
2137
595
2363
9843
9627
1689
7115
1713
2570
3281
11808
3279
1761
4426
9076
8424
10861
9936
5111
10681
4519
7465
7971
1179
5356
5571
3887
2807
5629
11856
4278
11585
7485
6111
2399
1685
5146
1535
8234
4414
5194
7667
9228
5691
1346
11571
4843
5168
3649
7099
8685
3110
993
9753
3098
4520
10172
4684
3619
9713
6401
7791
8566
8662
3291
10685
4327
8895
6719
5441
1518
7621
10861
8607
11204
11929
3859
9853
5779
8588
5154
10951
5826
2877
10483
3422
461
8299
9847
10249
4130
3709
8473
460
5757
9527
839
3188
366
6173
3320
11972
4966
9716
1801
4616
5486
11963
825
4838
3922
822
10401
7224
2655
5740
11566
4696
3995
10396
6105
1704
5541
535
11528
2825
3842
953
5497
7182
65
10104
6329
2324
4075
11688
2021
4713
9280
9763
1467
1882
4023
5577
2080
5653
8056
10259
8001
6435
6749
3898
407
9683
5231
222
93
1018
3510
1251
4634
6298
1914
7741
7829
7091
7815
9088
5979
8555
5600
6625
3754
7647
8269
2820
11967
2866
6775
7871
519
10404
363
6553
8123
1651
7689
7911
87
5359
8381
475
6538
4632
3948
8172
1898
8022
11612
10970
6250
1576
2624
11493
4440
10614
4019
2487
5342
8269
7535
11959
9617
2530
11545
9214
3699
10544
1372
9683
6360
8364
2235
11613
10333
6126
5350
1097
8901
10786
11331
1849
192
1122
53
6288
109
588
2531
1172
8402
937
10133
5934
5349
3165
9559
11291
826
2403
10559
11378
9241
5758
1241
4792
2896
8953
11061
2403
6781
735
8253
2643
11620
9591
6460
10227
3217
3218
8696
1834
10686
9492
11552
2301
8124
348
8698
11201
3605
11014
6210
8423
75
8489
1193
478
6781
2911
3379
6735
9357
9660
5054
2629
7465
6563
11651
3151
1136
9501
5763
494
2489
3001
3062
8741
493
6066
5770
11814
8718
11541
11815
6651
3769
9736
11731
9671
11129
5804
573
3075
3614
5559
4792
2385
9451
3944
10018
7845
2194
4301
3076
11931
3280
853
6328
9179
9948
7515
4574
4907
10595
1163
8256
10134
6336
2921
9583
1106
1590
6830
10481
5313
9996
1394
880
11746
4755
8099
2895
7369
723
9855
2800
2388
9120
5650
4513
7862
2707
5366
7385
6607
9581
10714
9659
11998
5436
2726
2785
3453
5242
8967
11118
1819
1698
10857
6073
2746
3684
8989
3913
9376
5099
287
5653
5262
3082
11095
8386
4431
8518
7020
9431
11847
11106
11318
10248
253
3921
9096
1919
6517
6507
2362
6283
4025
6963
7126
443
9576
4332
8309
11357
5436
8784
11120
7636
11812
4666
875
5427
7998
8439
10876
8375
11809
3850
4023
6207
2616
6375
10258
6338
9434
10069
716
163
1989
10369
4635
2363
3525
8257
2622
7518
5368
370
11788
11764
8853
2220
10552
7932
6215
5643
5589
4793
2378
914
4443
8527
2332
6659
732
5400
11873
10792
8672
10939
6979
1127
11826
10485
10935
3145
5499
9054
2553
623
9146
6797
7458
8355
445
8117
9355
3203
8332
5661
7589
11987
6390
10867
1004
2454
2336
6699
8234
2641
4198
3390
1040
372
10918
8724
6146
8480
653
340
2269
6525
9984
8967
2655
10366
7520
8227
1381
8889
10060
6826
10076
6513
8514
8409
412
804
4207
7292
8848
2593
7980
4500
9572
7456
667
10234
11447
4208
6079
1827
5006
10317
10535
10713
8127
7646
277
5637
2023
6957
7768
2494
4522
11859
7936
7711
11341
2657
1807
3931
4176
5565
11803
6065
8903
9240
6125
8393
8029
6410
9186
9395
4798
9542
992
4411
9912
4110
634
4961
11850
4947
3758
9710
6108
10485
8890
3565
5402
2412
2935
6295
4008
2320
5940
2293
4862
4390
7405
2778
5926
1966
940
8710
2542
8087
9016
9100
7102
3606
4817
9158
8347
11473
7894
11832
1962
8110
10354
6851
1860
2458
741
5220
7662
397
9540
6417
6357
6666
3441
4153
8971
6225
993
4580
10322
8230
2248
4218
7540
8337
3243
1633
4987
5017
6869
1019
1609
8880
8692
3392
1453
6718
9736
3926
1183
20
8013
10294
1946
3219
6751
6441
6743
3673
1826
5309
10740
5677
9821
10329
2524
8280
3411
3346
5305
1719
8467
11707
6419
5538
3286
11811
7220
5193
8805
4254
5543
9021
1416
7012
11410
11879
5196
9712
5515
11601
11884
10054
3230
11608
6874
4854
4500
9600
7785
917
7974
6176
4819
1092
6057
8588
5176
388
328
9504
7216
7889
7840
754
7842
4500
8332
9455
10747
10156
2207
2770
5710
11177
5392
5722
6059
8803
3768
6071
6683
9733
2879
1228
10672
8609
1932
6467
695
10910
2887
7437
5635
8597
3498
7017
9805
6127
1668
7019
3239
5072
9331
11085
9088
11607
9308
276
8059
8503
175
1495
10161
8048
6190
756
8644
6411
9647
712
2108
9531
11784
4483
8138
11450
5464
9967
11627
6312
319
8209
9141
842
10941
255
7172
9187
872
11131
3094
331
1817
11114
10904
6094
2435
9474
5491
4853
4446
8126
5245
4626
7502
8381
1217
7062
8408
5042
3827
1126
4712
6512
3311
11912
5585
11470
11627
8038
6113
7792
11434
2444
2740
6037
10109
10187
9580
9721
7365
4971
1666
5948
10141
11649
1945
4666
7800
8815
3925
6871
2502
1901
1367
9565
5762
2776
4250
2061
10766
8909
8516
10455
6915
9507
11637
4649
10375
1825
3096
11252
10081
1962
8185
21
8672
8982
5262
7204
256
9091
10731
10202
7721
3834
8475
6444
1421
954
7317
11173
6687
2532
1351
10047
11443
10426
11545
11035
11584
3803
11037
8035
4370
3663
870
11958
11188
4799
7672
3743
8411
10502
11862
1813
906
5590
4472
9957
6894
8973
8503
4430
7406
1982
6993
11269
514
9079
6551
4397
9796
5311
8115
10044
8150
4034
4029
9312
4157
10913
290
449
2555
123
2877
11431
5222
7913
3614
5938
8223
3346
1817
9606
9997
6029
3250
6639
3721
42
11484
3468
11127
10045
4770
6047
5780
7639
1857
6744
6796
7639
10946
9454
7459
10718
7051
9652
4962
3225
2547
1540
9652
8556
3504
3290
10731
1493
8683
1539
4264
7327
8618
1936
644
3307
7250
1403
10329
9124
9888
2187
10708
7644
11015
3397
3385
4974
9582
858
11935
4237
1886
4528
1387
6032
4999
4554
6204
4604
2934
6251
9466
6106
3370
2856
10244
6116
4682
10856
8830
11698
5442
22
6524
2805
5236
4966
10096
2732
2782
11135
2851
3551
6789
5570
2358
2134
870
3625
9486
9350
6049
7006
4285
3442
11002
8074
9548
310
7146
6324
6549
614
5076
1237
1530
10065
4542
11444
5868
7213
10284
7190
3709
8267
6526
11532
9978
3129
7773
1548
9245
10841
4801
22
3821
2023
10315
10640
3780
652
2748
11694
2242
3650
1033
8600
4315
285
1879
6248
5505
6253
6236
10272
9184
5588
5060
9773
912
5176
2401
4857
3895
7657
2016
4552
830
2891
8352
2228
2660
9936
1698
8617
2416
10590
8688
10829
400
10105
11033
9476
9345
531
5500
9085
1013
3425
6616
7432
6830
11303
6427
11241
2724
7207
8896
6923
239
11171
98
7553
4290
1092
11383
1296
2598
3701
9004
5753
2876
4795
452
11445
3278
10802
856
7710
5382
2004
4259
1726
1174
3387
6461
10215
6037
10087
4342
3581
8652
8803
3175
1792
6038
10292
2439
285
7586
3217
1974
2486
10043
8111
10074
5240
9753
4123
11197
4523
9311
4470
7466
1242
4918
1139
8995
10784
287
9429
5283
11134
2867
2271
11546
10998
6423
5056
9825
9277
6719
7820
3074
2593
2045
7152
7148
10253
9793
3089
728
10109
46
6492
699
2229
3331
4080
2351
113
4219
5261
7995
7393
9383
1336
210
11520
10010
7356
8902
2899
137
10115
6713
8258
507
4216
9059
2726
2
6058
5168
8186
7438
872
984
3891
9737
8523
5635
1197
9997
9864
4428
7418
6915
763
4906
421
11289
3721
10503
3506
4039
3118
679
9451
11173
11652
5152
5296
4584
6386
8949
3516
5336
9144
10479
2680
277
3554
680
1525
11352
8122
1528
10558
11905
1056
807
8895
5562
2345
3008
4971
10949
1732
7591
10098
5540
1719
1556
11535
6348
2656
5411
829
7971
8188
8055
1591
7674
6012
11003
4750
10709
4882
7565
10496
11033
8183
221
10687
2834
9192
5418
7483
976
7225
9346
9246
1497
3441
9012
9498
722
11906
6
10739
1344
3826
3863
10451
1989
2470
3747
1358
5329
3307
9454
8290
4731
312
9295
1508
8700
7098
3430
7332
4077
10718
6571
9236
2961
10460
9690
8259
4767
1862
4497
10661
9610
11437
914
1215
2386
2212
10632
2333
444
10233
1079
4420
5689
5535
11705
9455
8223
9881
8512
1711
9314
11659
9071
2865
2513
11894
11021
7460
9185
6171
10153
4727
8469
3554
7650
10260
11896
9221
11909
3829
1394
8524
2620
5824
4374
2607
3364
428
834
11444
11975
8502
9123
3306
5275
11558
11036
2192
6513
5851
5333
2624
11953
2710
9549
4475
5521
3675
3173
9151
3301
2833
8764
4427
10874
