6568
1491
8914
4957
7762
11343
7658
2742
4515
471
11427
7798
7469
1753
1843
8507
1185
1953
1310
8194
6964
3097
6777
199
4635
6805
10135
806
3015
3749
10844
11966
5629
8783
3003
11322
5603
6049
8040
7999
9286
5522
1574
2929
8220
2947
8708
213
9476
3009
142
11051
11187
6862
7958
6269
1257
11738
10793
7258
2787
10419
9335
10355
9658
11696
707
4281
10021
1732
256
8166
8101
10367
3634
5058
9770
3917
6793
4485
10758
8916
6604
1713
10173
3494
10320
2806
2146
6735
7912
5413
3007
7365
3597
5397
6244
9511
9426
7011
6873
3022
10816
9256
441
8998
9263
11403
3980
7669
7170
10345
6612
1658
3888
3514
8328
10930
485
7565
10606
8349
11668
6843
2088
2806
466
849
461
226
940
2487
7964
5565
102
4843
8623
11027
4644
7557
4353
7224
772
6547
10486
10929
10543
2925
5081
9303
7612
2387
2532
8120
11114
3204
4532
8528
8675
1096
10386
7285
120
902
7940
11134
2439
1857
8061
9164
5939
11653
9670
1471
9211
8117
8710
10358
2680
6466
1265
5551
4965
8492
2172
1547
11133
11899
10059
9238
7175
3191
5607
1311
8616
2084
4168
9731
5177
1378
4528
9698
1740
1532
6628
2025
6610
1896
8509
8743
7167
4629
8503
5016
6492
8766
4887
8079
387
4750
5750
6922
463
3899
4735
4835
3564
8916
7629
692
10754
6427
6415
5977
6512
914
11474
7082
421
3085
5010
281
5832
10791
1603
10057
10397
5062
10917
10086
6260
7663
9178
8199
4905
9742
7916
8027
11281
7752
8798
4797
5782
8758
11998
2891
9049
562
6642
2274
7253
6786
11256
1797
10657
7136
5935
9649
5713
6487
2138
2845
8815
11302
6549
2679
2059
2038
4345
7425
3968
11834
6539
7370
5113
2655
11694
8348
7920
2451
395
523
7695
2545
7220
8976
9984
1570
7822
7992
5880
8698
5825
11518
1739
4747
1837
4312
2999
948
6774
11669
3406
11713
3982
387
2915
1722
5328
3760
1916
6939
5452
901
139
3897
11812
3594
1708
3644
11928
8117
1316
193
5415
3134
8293
173
8921
11751
7642
516
5026
2227
7654
665
7420
3584
10749
10675
10390
1518
7506
2930
8635
10479
9606
8907
1895
11744
5480
3463
5643
10487
10990
7607
10269
5567
4262
508
10723
7704
3070
2712
6506
5127
4754
3109
4188
4557
2639
139
1301
9475
7279
9048
3499
9189
3569
11712
2295
9073
5904
1614
10469
2609
5003
1
8431
1521
11903
6109
5340
9288
854
6479
7713
9691
1423
10025
3551
9872
7152
4436
7670
10429
9396
9797
1971
1675
2780
5069
10812
9008
6739
6076
4408
11633
10152
159
6393
5506
4895
426
7187
1387
5379
11770
4753
10260
6760
1374
8595
3166
10464
6382
11560
4597
2041
2738
987
149
3089
9890
10234
9989
4094
8144
3350
3963
2515
6876
11854
11820
8287
10667
3131
5007
9169
2595
6847
2929
6937
7512
3110
2260
6444
5079
3748
7104
6868
649
126
10250
8273
11793
7345
5696
10633
9342
1455
3859
7017
4257
7484
5529
9451
3475
7625
4632
3209
5064
4846
9272
2906
5612
1475
11255
1718
2706
6986
454
3451
699
10252
7894
5858
8640
2941
10284
10767
3345
10547
11044
8007
10006
11684
450
4025
11587
850
10576
2272
4428
2742
7080
3090
11079
5550
11645
11753
6315
6265
10020
731
4613
5146
3133
5944
1082
839
2609
2860
8893
6491
5307
6835
6718
10348
8128
8867
11505
1847
4343
1242
9122
4181
8085
7092
3971
559
4418
11923
8620
2074
2516
3472
5838
8145
11012
11027
10100
7888
5462
8425
9715
10591
2112
10421
8178
11625
9819
6005
8167
657
6980
6435
9810
1971
6694
4384
2412
1977
7165
11588
7794
6662
3482
5700
3717
1776
1420
828
1551
984
11799
321
5438
5968
3202
10833
8644
7682
3468
9581
2610
1455
6433
9929
1427
6595
3718
16
7016
9419
6183
11169
6260
7302
1766
11161
8650
8398
7947
4113
5708
5079
9969
1959
5514
949
10203
3860
7151
11463
5693
3805
10642
8690
7903
2885
8221
5728
9101
7305
8300
11523
7579
10218
484
4552
1000
8768
2269
5834
11743
5518
11804
6193
11945
9494
2133
11457
5233
10587
10797
453
8763
3903
507
4219
3198
3871
3796
10740
11656
7545
9107
5841
7380
6493
9769
5514
2083
11045
8598
2008
8368
11374
9578
11428
559
1027
6141
10393
6504
5967
5035
7439
576
63
1555
11444
3097
6187
2158
10214
11789
8696
2018
9721
635
10038
46
8100
661
11584
229
4584
5652
10531
9811
3976
11726
8806
1961
25
6927
6400
10974
10272
11646
390
11910
6450
694
189
7754
10456
9232
11092
9773
2199
5522
249
2670
289
11608
5489
11484
5603
547
10183
7877
9133
3679
2424
1507
3376
11722
4299
1662
4626
9078
4852
5134
140
9763
10615
4517
7007
5776
134
8692
880
6452
5954
8208
10394
507
828
2586
5116
6985
2690
10279
7312
5196
3016
5104
10608
7020
1673
1386
7766
9550
6228
11902
3375
10108
4904
7907
7152
10996
1993
11086
9830
8176
8486
7239
4319
10128
9079
2826
1824
2732
7405
4197
6052
2835
8461
1408
411
3467
10697
7962
5302
3296
6058
665
7107
3921
8527
11960
7436
2989
10305
6682
6459
8890
3753
10139
1822
1910
2584
4731
10715
11245
7496
2030
7030
11161
5580
6320
388
10835
9285
2027
8957
1082
9595
1317
1515
3137
7307
11322
10174
95
11875
3037
3410
339
7320
9882
3781
442
6992
5232
11698
6526
9771
4934
74
1976
9337
8906
6443
3622
7667
7338
9325
189
11752
3869
10149
7788
8742
2298
6960
3636
3375
8956
5444
6927
2476
7827
6448
943
4716
1833
9242
977
11503
5374
8176
4552
9034
4315
1166
9659
9963
10055
3635
1393
10049
4109
7056
11361
10336
10895
1184
3642
11040
8910
5329
7816
11314
6512
6716
11742
9373
3777
11011
4257
6253
4658
3500
4860
1516
5698
11223
9718
2754
1042
2510
4948
8567
4277
4927
9152
6913
3861
9539
11583
5371
458
6724
6036
799
5450
10382
3760
11243
10216
9503
9137
4695
9486
6396
3801
3365
11123
11738
8114
6661
9159
3733
9560
894
4728
2225
9621
952
6732
6536
98
10833
10659
2066
4589
7848
11918
7403
6988
9710
3376
2685
4356
10439
7491
7413
6435
6102
9495
1685
10312
10915
5551
5003
2375
4073
10603
5330
748
3903
8873
4012
1727
2554
7494
1460
9556
3401
6754
10163
5969
715
4730
5630
2474
10857
5780
307
2215
6385
1474
10271
3533
6933
2944
7703
11955
11556
5497
5668
3388
4515
3522
1646
6641
10022
6281
4563
198
11497
9146
10731
6279
3206
2159
5154
10731
6906
482
6056
8213
3212
11394
10322
358
893
1937
11656
8259
9149
123
7853
7629
159
6830
469
7372
7789
11096
11468
10069
3347
428
1126
8006
4586
128
1451
4899
9954
9284
3870
7353
10112
6177
2674
1336
5307
297
890
9625
5963
11985
822
8144
7153
7910
7373
10544
1168
7190
599
7113
10406
6871
8576
6231
5161
847
4734
2142
5600
10981
9205
9642
10354
9256
7556
8587
9596
5249
4400
748
8363
43
3969
6547
2087
5873
6628
3604
6929
4407
5589
4775
454
5477
1783
6510
5590
443
10867
4866
4504
8014
10771
8399
11138
1488
10979
6407
1663
769
3907
9662
8915
6383
8288
4752
10146
1876
6390
8551
1004
11598
3171
8107
8662
773
4178
7352
9338
127
4004
7579
206
8016
6546
11486
4799
5077
10120
4876
4469
1881
622
7723
2341
882
4505
1324
4432
6163
4212
6668
1182
2047
8063
10868
7673
8599
6193
9701
4117
8360
10227
6742
1954
8352
6789
3538
5006
2489
1711
2463
7606
3946
1010
4583
4462
4880
2213
2837
292
106
3559
10249
8809
1881
2859
7637
8673
6910
513
5416
6345
10025
10180
1630
10526
7665
4049
7195
1959
2369
9426
11629
9870
6954
5543
2177
2150
1842
4016
2228
8642
9255
9319
5337
1489
1495
2910
8909
9463
9559
8342
4751
586
10591
10705
10183
9054
8416
6177
3330
4590
463
6266
3435
4840
6822
474
11701
2276
7035
6659
8155
4289
11370
2310
5445
782
1962
4212
11212
5539
11097
667
6838
2007
11284
11484
3864
4852
10432
340
10283
1759
3529
7946
11147
5446
1683
587
1590
11663
8185
5166
5348
5256
3475
800
294
10902
4459
6297
6202
4162
6563
2515
9163
1822
11253
10671
1512
2233
7442
4033
10087
10461
8265
1284
8841
11547
1181
10967
4502
8030
5155
11978
1971
11107
11895
5011
3539
8418
2681
2114
4775
5431
2277
8217
8050
11743
738
1528
10200
2342
10624
11084
9702
7014
7217
7584
9007
4504
2761
3758
11298
9943
4606
7092
7970
4269
9297
4636
7503
6953
2257
6920
4169
10364
5635
7671
2141
3429
5240
8068
5089
5973
3151
676
9245
5270
9703
5025
7159
4756
6966
5926
21
5768
5669
11192
4434
2361
2740
1346
903
4882
7172
6163
6072
7964
5899
3600
10875
6936
685
3682
8284
7397
5725
9351
9218
5803
5730
10050
1434
391
11726
10019
3876
5614
610
5790
11949
5512
4711
10308
1586
8033
9183
2375
1725
1299
5992
7818
11970
8166
11598
787
2691
3184
1130
2024
8743
8119
4909
5745
3204
10724
9655
7930
2213
286
2501
362
5952
6690
7173
4689
8253
7386
4238
5049
8030
571
9290
4489
1902
5315
8265
11452
4868
4031
5768
9996
6785
1845
6378
5236
2677
8867
341
3660
6506
7233
3886
6484
3088
5025
6605
7176
3195
7769
11892
11534
10652
7198
9417
390
11388
8323
10904
11043
8885
1580
206
7964
6393
8937
7715
10068
9504
3308
5639
5078
5332
11500
10450
2968
6565
10131
8045
4479
6022
11561
1726
2920
6131
880
7033
6171
3862
5324
4833
855
5176
10250
6715
10033
9920
8873
4859
7595
385
2479
3966
6681
8356
5673
5684
0
2510
1434
8136
8852
10391
5391
2766
2921
10977
1677
5634
8619
4962
4095
2636
1750
2400
4055
1818
729
5260
10856
7027
7365
1673
6339
11593
11360
9306
8829
2558
10279
7323
10492
5165
2596
7740
9835
11901
7767
1788
3086
10340
5919
7003
4502
1334
2793
4289
428
11828
1010
3078
9010
6632
8508
6980
938
10937
7159
11956
4489
2186
11147
10034
2323
107
5576
2015
117
1297
3086
2343
4109
5688
9914
8463
9955
2550
8891
1508
3053
7395
5277
5035
582
201
6124
5785
3999
1855
7037
11108
1563
3493
5733
1659
11728
672
1733
3405
9807
821
7794
5719
8332
8427
3368
8462
5854
11679
7427
2512
7678
5046
5385
11026
7141
295
666
3036
5489
7936
7629
570
2301
3885
3085
7552
6612
4341
592
1068
9520
3456
979
7387
1997
3312
8230
4241
1035
4056
9900
7395
10949
3730
5658
5407
2776
2421
10331
5754
7196
1796
11011
8136
9241
2916
1309
2764
6316
8415
5776
10862
4619
5716
7792
5323
7077
1892
892
3644
226
2121
558
8754
10228
8359
4898
6223
1295
2957
2442
646
5296
1369
1456
1569
11162
8957
9705
10398
10931
11056
10519
6079
3908
3070
8327
3112
5350
8308
10450
4599
3493
11591
8035
7536
6421
8355
5396
9443
2424
8066
7840
6703
11937
1200
9203
1582
8027
863
1903
10964
5632
3327
8175
7173
3337
355
5516
4054
9475
85
3973
1596
8686
8626
11992
7900
9799
7185
948
8188
1010
9615
10265
10808
7806
2740
9212
5815
2938
639
4001
10732
3994
241
5731
6488
8696
1198
9
8268
5061
7921
2755
7171
4894
1996
8749
3070
825
6915
3862
2961
11216
93
6750
2343
5706
11637
2929
11816
9082
5113
5702
5092
10322
2797
4320
3994
1320
430
4062
797
3749
6486
9584
4381
4890
2252
7925
189
1977
7743
2971
2879
9719
2530
10998
10791
9130
2028
7048
7025
11681
4600
6449
4906
8973
11029
6729
10013
2782
3506
10427
2718
3278
211
11000
10291
8583
5890
8070
178
8572
10546
8646
5902
1915
7410
11780
2345
9836
3836
9271
9751
4943
4571
4562
5865
4681
4046
3916
2953
10599
923
235
5242
10566
4081
6559
10451
5464
6523
11310
4586
6590
10426
4807
6067
7114
8597
6311
7512
419
1059
11071
5154
8006
2321
1375
8845
5879
7075
516
10033
8924
5639
1887
2821
7780
3431
5091
4376
4059
9045
4974
1454
5499
5247
11936
3712
10740
6247
645
11719
1886
1065
1455
4224
11893
2637
8377
7259
11026
5504
7358
11020
6251
9488
8934
5258
5412
736
11967
6028
4375
10803
6238
2160
2080
7183
9085
6712
3530
727
1056
4916
10233
10883
5721
9765
1460
465
9339
1419
9929
5927
973
955
4111
2601
8971
4804
2354
5403
7357
11294
9352
9761
1758
9282
7249
9256
2892
10708
11735
1536
8429
10184
6015
4499
5226
9371
4342
2582
9460
3884
69
4184
6107
7887
4773
7821
3518
6272
8969
2568
11492
4472
3310
3671
10309
11454
3882
2885
3589
6337
10316
3217
3642
7343
2924
1147
4142
7409
10905
4256
3500
11821
5925
4406
1234
5597
9941
10124
6911
136
1168
8888
8927
3744
5398
4240
4419
5213
3640
10424
4018
1461
7146
283
7959
3550
3358
2601
3222
11999
5196
4924
6917
6357
5297
5056
7065
9338
10457
9036
186
10640
9484
11329
7803
1663
6045
6297
3010
7866
10795
708
9639
10403
10208
5126
2412
10910
5003
5473
558
995
10889
2852
6002
2937
2631
11975
10062
6556
2995
2049
7966
2903
7146
4966
6107
4627
2410
7963
11028
1336
1048
11593
11543
10168
9796
8944
6186
3083
10400
4497
7348
10963
8237
4805
7018
8679
9343
6423
8947
10627
9767
7042
10349
9023
5152
9771
8933
3368
827
9818
10086
11021
11360
11502
10464
7683
11710
5651
2014
6883
3522
10831
6651
1166
10020
2719
4338
6728
3144
122
4219
9586
5213
3697
1795
5185
6345
6409
748
6424
10259
5066
100
7653
4774
3967
7790
2024
1460
6801
8553
4889
1350
1344
11155
8540
8494
1362
11577
3611
10363
9297
2659
1855
1711
9916
5009
7764
10486
7029
4649
4625
2744
8709
7921
4146
2236
3171
11576
9642
7462
11501
11780
9050
444
2914
3933
5678
9341
1008
11733
7596
11272
7724
848
10976
6268
5244
3834
4431
10328
9056
629
10569
8845
5710
2977
11458
1424
491
9554
8601
11240
3334
7372
5287
10519
11715
2209
1807
8620
7103
6323
10046
4409
2770
7673
7339
4221
1280
11130
8259
2692
11989
2834
5109
100
10162
7907
9445
6569
6043
5146
5804
4621
10273
10099
9101
7020
11514
4120
2771
8711
6931
7517
5770
1905
6434
9844
918
5939
7100
7670
6830
2539
1189
7828
6826
2472
7460
8197
4711
1281
9222
8475
11224
1940
11601
6203
4179
6693
6964
10473
10010
1268
9285
9278
4385
3805
9394
401
4993
520
9673
4016
10338
46
6671
5854
515
8794
7461
8821
7474
8374
2249
6379
3134
7232
3827
4792
3998
2164
11896
1511
10543
1169
3132
9497
8669
11395
6047
10229
2889
8490
5280
9416
6693
4678
8904
7097
662
2225
4659
9872
11410
8684
6708
7418
4339
8440
9606
8223
8432
7509
4610
675
5946
11464
3285
11130
7915
7524
10554
10568
1699
5505
9929
3683
3632
8267
3596
10941
9926
6692
1352
9203
517
6905
7096
5889
5408
10605
5658
9489
11354
10829
6173
9361
8331
3321
3066
2335
10288
11929
3879
10527
5021
5044
778
8086
1820
11080
9493
2237
4622
8345
9805
8061
6966
4399
7360
8840
10898
73
9682
4606
11246
1827
5706
4688
3332
6982
1978
11609
6179
7560
3840
1593
684
117
4549
3236
6957
2895
7167
10560
7195
2
9425
7725
3960
11033
6443
6076
4592
7688
2276
8001
804
2380
8683
254
79
1706
371
9923
6565
1903
6142
1143
11480
3956
8947
5971
8881
7081
813
4475
5707
4601
2922
9146
5584
11994
828
3174
1725
6998
7858
10895
7537
4111
4216
1903
184
722
9110
7862
356
7305
428
2957
4895
9720
9080
5245
11680
7664
11040
4792
8314
5648
3483
3574
1667
9620
2076
9495
8216
7446
10578
2695
5383
4968
7359
2482
5718
7176
2245
11757
10760
297
1318
2730
9837
1189
8871
9012
6789
11404
10664
8836
4746
668
937
2207
3631
8219
9375
5195
6896
6577
5241
7376
9305
796
8390
3605
6191
9080
4675
6827
10631
3921
10451
2583
8372
2470
1485
10117
9102
4874
7501
1703
2791
9651
2923
8819
9353
1895
9080
7238
6745
5232
3222
2873
4902
3910
9112
4415
4537
1266
2820
3312
8829
5052
5532
6573
10447
10689
739
3177
73
10526
10162
6522
7771
2502
7056
7400
7015
1373
1255
6403
11113
1749
5387
11459
1012
4671
2139
5345
10088
10329
2287
1610
7574
6721
4372
7208
11626
3696
3524
4473
5827
1772
8842
5720
5027
9494
103
791
5961
3825
5219
3304
959
1162
2006
1143
1319
8059
1197
2881
10562
2577
4539
8417
10800
11442
11933
10956
1819
10761
3221
2834
10258
1055
7117
9281
5394
6712
8138
4323
10556
1688
8086
11393
5078
3402
11676
6046
2957
1248
2410
11321
7035
10986
10559
7858
11513
7536
6367
6759
1012
6274
6122
9523
3141
924
8733
6009
9688
8507
5724
6455
9037
6495
308
2978
5329
6494
3237
9795
10116
8181
8596
3539
3928
1143
3526
7630
6145
6453
63
9544
1997
10443
2845
3128
7234
8108
7404
1789
180
6939
8070
4403
1369
3696
2222
2231
869
756
689
11908
2650
3141
8559
10746
1986
4197
6474
4134
11910
11098
7689
10731
104
996
2752
9441
385
6590
3599
848
7081
10235
10204
6788
6102
6482
9588
1202
3384
1999
11113
1178
3677
7330
7386
9252
6257
810
10967
10615
3159
11154
5234
3752
1930
7880
11368
4355
8635
7681
342
2019
10023
228
1141
3262
10228
4610
2135
10830
11315
3727
3583
4063
6189
8439
11732
2228
1072
104
4763
4295
6736
5408
53
555
1071
6955
10801
11739
10329
7096
1996
10001
10533
816
5050
9152
6033
226
3102
6954
11095
4337
11092
4072
10656
3224
6121
8465
28
1612
2482
8513
8333
3075
7905
3124
4851
8701
3155
337
11214
5028
4065
1621
11521
5404
5420
5094
6952
10694
9784
11324
5371
1313
7463
8149
5632
7080
4232
6142
2967
8224
7277
9862
5844
4118
9004
1981
4052
5912
8953
11643
2551
5218
9982
3095
11757
3356
4233
11670
6430
2411
11069
7617
8244
433
3270
8065
11360
6616
7200
11579
3957
6140
11499
10321
5726
6578
3054
1706
5647
8395
8551
2797
6216
5034
2902
2292
3351
9446
128
11044
11771
7642
7991
4444
7493
3961
758
4798
6375
11229
900
5008
2272
7820
367
10399
10347
4897
7297
1446
8529
8673
6560
4466
2808
545
4497
7993
8236
304
5568
3600
8999
4335
1260
5363
1804
1852
11757
11926
1117
11675
4247
3326
4372
1927
6633
7265
8347
3239
9555
2424
6241
10680
3259
5734
6753
6591
4748
4154
9645
9866
7013
7578
2707
2952
5818
5893
5010
1946
6601
2011
6526
1649
487
3863
4883
2282
253
7887
3991
7816
8269
6454
4705
1465
5017
9987
412
7864
2735
3170
6594
11825
83
1711
10920
4288
8373
5520
5309
3172
10048
11984
5657
2356
3486
3142
6581
3812
9054
9173
1525
10215
7550
5453
6958
9886
1710
9800
3182
8973
2438
6132
11361
9079
3728
2860
2945
8299
11943
10718
11505
7745
8196
11535
278
6082
7029
6639
7369
1498
2403
5099
4530
9717
3214
9950
877
313
7138
823
11606
3529
11519
2091
1969
6178
5397
2655
8229
1924
11405
4950
6231
363
2402
2497
482
6777
9111
5546
2257
325
5871
8855
6282
2625
7830
8599
9910
9324
6444
10670
2475
6210
7126
6320
9663
8779
5203
3128
212
9912
8030
5690
10185
2410
6200
1237
5287
9618
3226
4533
346
4229
2907
5974
7103
10587
6760
2691
2810
9409
2531
10803
10938
3841
678
5578
5393
2089
3095
7349
11186
4642
3032
4425
5357
9155
9216
34
10245
7594
8667
4511
8806
8052
7499
6474
10716
3921
1203
7668
10362
3664
5481
11422
7600
5464
9660
2366
5294
4318
1022
1067
10148
10949
6108
5675
5260
1948
4091
3478
6045
9072
7811
390
7855
4485
7850
3993
11606
7937
6241
9628
5116
3494
973
3347
6637
11416
8418
2195
11164
3126
8104
9342
11655
9952
10982
9000
8161
11422
4397
7844
4121
8376
6420
5843
744
6021
9039
9923
9368
8266
3875
8845
114
9309
5698
10910
8892
9402
1951
3841
1949
3075
797
185
7683
1872
9946
6012
1312
3691
5551
7490
5256
7360
929
9068
6732
9901
6693
6553
2069
3176
7075
6275
6625
6228
5783
3837
7987
9567
6702
4615
220
4075
6063
7194
10477
11859
11407
4389
4180
9550
8741
4234
7186
3981
8738
3551
9072
2066
11651
11199
6599
10907
6819
5069
6871
10771
6203
4139
11427
10574
10355
8615
9654
6836
7540
3190
2412
2819
426
6885
6676
4673
11836
7749
3210
7874
5510
9823
1987
108
5639
11345
10030
7984
6138
3085
1761
565
11201
3994
4704
4675
6623
1998
3516
9314
10706
4852
8845
7232
10263
5340
6389
8814
3308
2943
7790
10927
9459
4227
4653
3212
7929
10777
7969
2551
9157
403
1621
3042
7709
6639
2402
9788
9045
3234
137
6166
3047
359
5971
9983
4919
1698
813
8005
7150
4351
1160
8855
646
6677
6177
5113
1015
6724
9914
2688
1139
9830
7920
7134
11760
10253
6306
8566
7777
8369
9398
3191
1228
22
11680
2181
4681
8012
6579
11755
10793
5519
8931
1772
11270
3419
9582
10041
3276
5988
11608
11740
3528
10417
10007
9976
9911
6844
2504
10480
1385
11291
6207
10786
5261
5922
11410
1986
10661
1456
9685
5250
4023
3388
4695
9770
2964
4795
6782
3672
646
8088
6399
2638
11992
11969
8839
6605
11660
8137
9494
8884
7640
2987
2981
4392
3668
8546
7004
6433
4343
2343
2726
552
8904
1689
7632
7487
11084
10004
4567
11075
1281
3392
11590
3225
9468
2556
7708
6659
8861
2461
9290
1096
5307
9807
5125
7946
5656
10427
8567
6254
10125
11131
1127
6799
4687
5320
3115
5687
4003
10861
5580
1664
9227
10253
1800
4581
6198
7026
5977
6073
10147
10633
1525
11468
10943
2725
5517
325
4279
4777
5318
3705
4860
8436
2370
3400
11737
5740
10315
3830
9408
10565
4299
1144
1090
7151
1314
4343
10782
4518
7806
9783
6342
849
559
9462
2685
1600
5982
4802
2610
5125
11447
9389
10400
6044
8228
242
10445
5353
8808
5648
3588
9453
10019
2466
1700
11824
11441
5036
4213
4968
9886
9424
10884
10567
11584
10725
3046
2440
5777
1488
6906
5953
6973
6080
9141
4923
1991
4882
7150
8892
177
1721
7727
5768
831
11768
6785
7409
871
3389
923
8629
4167
27
7241
7395
9728
1161
8709
3663
5071
10789
10778
6335
1595
11548
6564
4235
701
4750
7054
5812
622
3047
7202
11417
599
1330
4630
3576
7027
6669
4827
4575
7589
11719
7329
4978
6163
8007
7316
11356
11423
11847
6357
572
5550
382
776
1348
2379
346
2140
3671
562
5619
5871
10733
2949
9524
756
4664
425
3994
4362
8218
10813
424
4929
1884
9208
5907
9263
11540
1266
7997
10467
7827
3469
8817
3057
6844
8260
5441
10092
4518
11243
6001
11368
6240
6239
3757
9578
4822
4024
669
6535
5818
1952
5561
4108
7493
434
5985
10496
5429
4384
11211
9784
8768
3230
2552
1401
2537
16
2278
8213
8284
6341
7897
11395
7411
3550
10428
1080
10141
11587
7499
1964
9992
5299
10744
2632
10880
9775
3920
6298
11697
11395
5548
5013
5195
3818
11584
11060
10479
3995
7765
2341
7162
10568
7730
1017
10431
11658
7871
6477
3795
5031
9121
4920
10231
3061
11477
2390
705
1625
3023
8086
11731
4229
9606
10051
10686
2174
4021
8084
8976
2444
10681
2767
6999
11281
7214
951
4959
7018
2307
10889
10172
10787
7327
368
10409
4087
1862
10807
97
3951
4305
3204
5902
1612
9967
6156
8227
3055
2917
9868
7596
3746
7871
3155
3679
5082
4928
6866
7889
8745
10794
5006
6018
3154
7384
2017
9293
7598
288
9265
8543
394
11556
1715
819
11544
5651
7115
6855
7891
2086
2691
5185
7645
7446
10458
10513
11427
2892
1667
4114
8593
11174
3754
2567
2652
7364
5355
8056
5920
6138
8518
6774
5375
3419
2193
11597
10779
7560
7412
5289
6635
4936
4263
10873
9480
10984
5839
4624
5230
4139
6795
10285
11938
3023
7967
10681
9383
2463
3698
8792
2212
7484
11114
651
10204
4462
8518
7112
11306
4931
5398
6567
8622
6285
9265
8092
7414
10728
4583
8332
8469
1291
4517
9571
9755
11603
5052
8989
11381
4330
7228
4023
7198
3789
810
8052
4179
3254
1666
2272
9833
6786
5453
11690
4424
1191
9893
5583
665
1784
11022
5546
4793
4132
7218
9429
1600
10805
8658
11017
7969
3385
5040
5212
2897
7604
6989
761
10698
5438
10507
9268
260
2377
11162
4248
2706
8772
7402
7411
2734
9322
449
5145
1125
10184
9698
6354
9590
5105
5345
3332
117
6153
2184
2277
5354
1267
4083
5350
6362
5807
5591
3843
1167
8638
9476
10065
10081
3035
2645
9972
9642
10775
35
11366
8267
2278
4461
1652
11387
6508
250
6674
7793
3576
11706
10099
10368
4605
5984
3070
11077
11376
11950
2553
2289
634
5885
3833
1964
2693
1622
2011
7152
5037
4751
9196
509
9133
8
8193
8171
2501
5756
8095
6325
2347
1692
10038
2227
1631
7469
735
1166
7457
8880
11026
10002
1010
2583
10747
4429
7997
19
3631
5005
664
4283
749
10232
923
6134
178
11630
11000
9160
4093
9748
11230
1313
2439
1433
2242
612
8611
5469
10735
745
11225
11796
4440
3637
7145
11065
557
6750
300
2150
7072
949
8663
9512
3860
10217
9899
9932
6299
3341
10753
1167
6386
5865
2152
7438
10922
6207
9301
452
5339
6761
11711
3763
1078
11153
4142
10830
6164
10504
11872
2974
4736
6620
10479
10729
1762
4511
11500
8709
4023
8427
4880
10107
7694
4813
1035
4371
10438
181
1633
310
1920
5794
4902
9073
3004
450
2267
6907
4618
9284
8592
529
2391
6636
8032
2171
8629
4442
11739
3039
5070
464
139
874
2078
836
5471
5767
8541
11016
11545
6074
3721
4153
11336
3456
1674
6220
9102
2561
10548
6954
10107
10768
1227
10725
3836
6639
216
9899
11752
424
2568
11085
6186
3905
1833
7866
4879
6303
3663
4166
9974
5715
11655
10380
6936
11680
372
7700
11916
1992
1243
776
7483
1772
10094
10920
4471
11051
4612
5526
7811
10771
3818
2176
2812
10126
9942
4134
3223
8523
1621
9472
1739
1253
8376
1045
9266
3036
1658
8843
1304
2190
3466
7961
8214
5983
3698
2479
2969
7051
3807
17
7088
3374
7249
7544
1075
308
410
8213
5527
4572
11309
11586
9432
2856
5357
9538
10797
5816
9813
1478
9821
11796
3290
11203
233
7430
3800
7798
203
10612
6272
8408
10417
10892
6361
1586
11437
1421
9580
2059
7387
8924
7404
11383
304
1952
8960
1865
11165
8792
295
3486
9622
949
2913
3231
2923
11966
7416
7335
5272
643
2532
1370
10055
8331
8679
10956
2905
1991
2462
1055
11478
10115
4061
6381
8148
7332
1514
7436
4437
9699
184
3963
5096
10149
8486
10345
1132
490
2015
5526
2887
4592
7735
1502
2444
11024
9701
1236
9159
2454
6054
7054
11072
9470
11614
10160
6190
255
9385
861
5370
6714
3632
7391
8504
10108
8937
10961
2181
5188
7721
3699
7759
7054
11237
2624
3969
7612
5846
6599
9700
8514
5670
423
544
2836
8276
2780
10974
552
6055
2743
6673
4937
10313
8804
6615
4608
5795
1157
11879
8753
2509
11999
1987
5375
1164
70
9729
4025
10404
10481
5976
3493
262
7084
889
1315
10835
4199
9247
3736
10193
3471
11269
1871
6870
7954
2345
4355
10015
3210
1534
2623
6407
4300
7440
8259
3995
11981
3288
10461
485
9246
4526
7693
742
558
4229
6988
4357
6686
7851
5102
6731
10011
7557
11904
11368
2485
11389
3834
5800
5145
9960
208
693
8126
5150
1372
7133
7597
5445
7366
10970
6856
3115
8749
7310
11009
5327
3649
6882
6249
2602
2838
2936
11701
7674
9787
739
8097
1863
9166
1427
11276
8498
5120
6095
5567
1694
11946
4480
6553
5990
10416
3456
540
3867
2981
1778
9284
99
10538
5127
1043
10184
4125
3486
9044
4755
9117
9236
9711
4938
8963
11073
11745
9018
6406
7990
5201
2581
8390
9008
1167
6468
6497
2210
5459
5407
3756
2890
9959
11127
7067
1180
4793
7032
10247
545
9500
5197
11814
1876
11645
476
8182
3633
3071
6937
777
4606
9005
643
6889
8338
1738
5943
688
5116
10375
9996
4837
4653
9380
8165
4553
2205
3212
3218
4694
2833
2278
3919
8607
2895
6775
9668
4984
10553
11690
11228
5838
10216
6281
3416
1014
7313
837
1756
6235
5624
8320
9664
6743
1654
10709
11657
947
1136
9418
11340
4267
7707
8132
10625
6509
11196
8704
10671
6584
8645
497
5434
4319
1340
6568
3532
2324
1570
597
5288
1538
5699
6263
11354
10103
5390
3962
7248
10565
8380
2352
6408
5187
229
151
7063
11299
2794
2934
1245
113
9919
6393
7677
11308
9947
3562
100
11974
2114
7011
722
10127
7771
1778
5051
12
3588
9055
7291
822
2515
195
8730
4195
3244
7554
3293
1005
8270
9031
4387
10467
10403
4821
1672
474
3649
2035
11099
7322
2898
3223
2805
3646
9684
10714
6925
5383
6532
1849
7363
11954
3988
4787
1801
10663
10451
6483
939
10381
1220
1790
4972
5169
1968
5316
2735
1307
8903
11751
4759
3528
11388
9820
9609
11832
2646
1859
9463
5308
386
11189
5776
3758
7817
9047
9185
1695
6481
5792
7461
2391
5701
3410
9384
6217
11153
6045
6802
7341
9210
8385
1953
10167
10146
4124
6295
7494
8177
2611
6609
6410
11520
2947
2088
5317
3285
7386
6406
236
1969
3847
5410
6686
2681
10656
160
948
8986
11350
2431
7391
2314
5442
1578
2831
5400
10489
7869
10495
10058
3646
9898
3199
5830
7070
10616
3730
8647
9131
3835
175
11627
8312
8690
9086
7492
9030
1620
11884
3815
4290
9822
7775
403
9173
4946
5732
6616
1591
8951
2732
9281
10583
7596
1428
7068
7617
4943
3846
822
6938
572
2451
11322
10947
1825
62
6275
1938
4509
1598
5126
6186
2826
9552
9303
494
7171
9312
9077
6721
8532
2118
9999
2657
10834
8449
2160
3806
9439
6992
4097
8211
1338
6160
6146
1398
2215
2211
3431
6857
1627
8559
2368
7162
1955
751
10685
3903
3552
10846
3455
7078
1736
7561
8473
2381
6745
2566
5537
2054
1762
4703
1822
9523
359
2658
5493
7991
5399
4746
70
6507
2476
9995
6781
7691
2394
11598
7256
3400
10964
10050
385
2063
10584
6943
9024
4219
10603
1393
6451
11023
10378
11456
7113
10030
4254
8669
1134
9525
5318
8967
11460
11012
2884
3746
215
3133
1015
4750
10964
5403
8240
7681
10040
6572
9754
103
6979
2251
956
1208
3309
3661
11069
4395
4551
3891
9919
6388
8287
6066
5579
4745
3475
3075
5655
9117
6960
7284
2388
8523
10197
8668
11562
7148
703
3288
11343
818
10624
8844
1767
3311
4988
2244
6444
10066
2878
11688
9417
6589
1694
8737
9710
10006
48
6141
8194
10739
565
6914
3792
1125
11977
1204
8845
7116
4346
5974
8629
5779
6149
4315
11546
7375
11165
10422
454
2147
6699
6837
9865
6727
10698
8514
2428
5206
1616
11569
5151
1419
5665
3312
7225
1885
3166
8193
5128
9109
9198
5766
6832
2577
9601
9603
7491
7805
7639
8259
11899
6174
3181
1016
8315
47
1312
8018
5898
2813
2572
4795
6056
3998
10805
8829
10419
9483
10661
10908
10953
4119
11324
4469
8877
4680
1832
5937
623
5094
656
10280
6946
3279
11750
574
5649
11690
1294
8308
6995
11791
11713
6507
7954
208
4262
10421
851
3181
8594
631
9758
10208
9197
2843
4155
5415
10445
1501
9921
8174
6234
6508
2634
4913
4794
1953
11460
5793
226
10672
7566
5075
3689
8804
7044
6523
873
8192
753
7054
8531
11569
264
5118
1275
3903
8284
6947
2749
5106
3462
3776
6483
2512
5390
10581
11358
2106
3939
11600
8584
9424
5690
10055
5453
10372
1315
9019
11857
8936
7125
1219
8672
777
5856
5871
10569
7210
9872
4262
9704
2853
10555
785
4936
2447
541
4573
7848
11916
764
565
11812
11692
3944
10057
5709
6648
8180
9228
5640
10681
6746
4069
6052
7068
2977
7380
4226
6160
4278
8143
872
9807
8880
5593
868
7101
4822
3688
3725
610
988
6458
11397
217
8661
4819
11364
6988
1118
990
3676
2231
6188
1498
11735
938
8507
8048
8094
283
6374
11157
2365
4658
6623
455
2620
2930
1892
11975
10207
11182
1919
8471
8946
7141
8192
1978
10974
6838
5308
10315
11276
1712
4823
11136
9018
1481
2158
2381
8303
10532
6306
4628
1796
11397
7612
8847
7928
2112
842
2454
11970
2804
7015
9323
5256
10800
2168
11545
1195
10896
4262
6234
11431
2109
6840
5578
10629
4309
7854
588
11838
1577
256
10625
226
3975
3456
7819
11243
1580
1710
9850
1843
8255
764
8364
2391
3521
9764
7388
4231
11286
5469
6654
9633
3816
253
6613
10925
8464
10121
3187
2110
11098
207
8936
7114
5978
4682
11351
2056
5071
11990
10325
6511
6326
10577
1683
8754
2412
8957
11712
4284
4724
1028
7218
9703
2172
10914
2458
1092
10346
5472
2613
5533
6079
10697
11052
2269
1295
2867
708
2223
166
6147
8207
7212
1248
3667
9211
11164
3154
10792
2539
7005
684
3281
9154
4614
2012
3527
11985
11344
620
8797
11821
5098
6099
8589
5147
8795
3778
7782
1799
10289
10334
8123
5721
7436
9105
2945
8830
9927
8798
4638
4189
5939
8569
11457
2136
6314
11202
1655
7952
124
143
2744
11895
947
5626
9829
57
1041
9920
3522
9527
8813
5975
8855
11716
7626
11255
1896
5474
8913
1553
2456
761
11978
3876
5305
10137
6552
1185
6735
11235
10300
2877
10113
10648
1946
7310
7205
264
7553
2517
3647
11148
10689
10465
6785
5402
6876
6743
2477
7239
8629
1583
2057
8613
1809
5367
1729
8284
701
2528
4089
8059
4366
5808
1235
8231
8262
10276
7116
7871
1021
5338
1317
625
475
5193
3368
11076
7632
7725
7995
4484
2294
8798
1363
7841
1361
11234
6428
10716
2583
11457
7936
2225
2642
5865
8365
1740
8932
1417
9325
3588
7229
8790
6427
7984
10714
5611
1588
7852
11387
1883
6998
11939
10911
7647
3671
8761
4260
10269
4532
5436
2292
7408
1403
10343
8473
11835
3067
4817
6445
9688
1728
2709
1003
6593
1750
11670
9257
8274
7469
10394
5385
1840
8160
5812
1345
10911
1916
1391
1271
8033
2235
170
11020
9565
11536
64
8425
11286
4597
10259
8310
7395
6111
6093
9162
11439
10065
9903
5592
879
10584
8645
317
1586
6168
7890
11392
10498
1927
3928
753
8019
11439
11218
881
4403
7315
11307
11489
480
11295
3622
9630
6493
6915
2146
466
1665
8301
11031
4164
11316
3570
6558
11022
7887
10611
4649
1859
3232
694
6231
4105
7826
1383
7315
3733
8234
4662
4491
7277
5295
6969
3827
2683
1875
2995
7800
6565
2924
670
2886
8702
3705
4638
3828
4186
2709
5863
1356
11633
7650
3630
299
8215
10324
9286
482
9004
748
6455
11766
11223
9138
6281
10764
1487
1670
2384
4493
5949
4845
10804
9143
5540
5441
11086
4616
5040
4633
9972
7179
3761
11792
8828
1755
10913
1821
1977
7885
8516
5555
5539
3242
4781
3869
7137
3902
9381
529
8052
9152
2898
707
4892
4671
9943
9236
3808
5290
3061
1276
4546
11284
2517
7997
6326
2325
7415
5233
4541
4685
8311
5731
2736
8223
10624
7715
6070
3888
1597
3923
6671
4170
1429
6104
9820
1891
7434
10163
2809
9145
4668
4704
11641
9952
5483
6690
4369
9315
1777
4251
3946
11901
7470
6356
3861
11431
2844
2188
4629
5156
6833
7435
8375
2391
6247
8617
6300
8130
6112
9699
5714
8142
4926
1855
5645
675
6620
5185
10670
4099
9340
2509
11686
7258
3945
4064
7729
8245
153
4005
6764
7534
11831
3053
5521
7084
2694
4477
5016
9979
7983
10768
1284
3630
10243
3955
8168
3265
10340
7467
4671
11591
2184
1754
9416
7050
3374
7580
9171
2922
6078
8004
7215
2847
945
460
6451
10930
11696
2235
5753
8644
7278
3782
9920
6086
4066
2934
5925
11959
586
10993
8806
4731
1571
7009
5587
6988
6913
1265
5041
9837
164
5064
6896
520
10723
3334
255
9999
3717
5430
7539
10306
3782
3686
7184
1838
11585
2848
3628
10527
8900
8481
6762
3965
5400
10745
11086
10059
2058
7659
3231
9705
4170
3021
7286
8192
7473
632
8534
8732
7703
10259
9777
7476
7156
6001
6302
6798
11431
6293
7867
2374
5504
4703
8740
11722
2654
4051
5870
9385
4466
9024
10684
4817
7271
2587
7809
3311
7843
8891
8155
3918
7034
6240
4388
11345
8262
5868
11684
3192
6373
3826
2000
7646
9367
282
11719
9899
2847
2794
4603
10070
6783
3888
402
5269
2258
268
6228
3748
10395
9514
1022
7680
6473
3886
6940
3149
1486
8086
11428
11294
1020
2382
8039
3336
9283
2477
10714
8339
8479
4797
5296
6065
2467
6585
1459
6192
732
6280
2026
9396
2176
9068
2830
1451
6115
5368
6792
8514
10063
4160
8838
8149
6519
8689
7536
10393
7947
2986
1042
310
2477
9998
939
8014
613
1803
14
3982
3309
5471
2797
6782
4295
6578
10832
956
2337
2186
4227
6819
6402
344
8930
5312
253
3693
9472
3819
9025
6731
7582
4990
10653
7624
6139
2119
7773
10119
11322
3532
8816
5237
9630
665
494
11813
10597
4194
3745
11834
2586
11550
3409
679
7950
9572
8542
3967
1141
5785
7231
3655
9035
4942
11146
2355
2760
7988
789
551
10745
4461
2491
2436
5495
648
727
6585
9773
2414
2125
9473
3413
9651
4813
5043
9881
10685
343
6138
10037
1726
5401
3511
9187
6600
2876
7497
8557
7492
10606
10096
11765
2344
7183
1313
6633
10780
11731
5042
2852
6103
6391
6593
4583
11888
6486
10187
9955
8105
11946
6297
744
3455
10565
1663
3172
7744
4991
5145
4810
8626
5107
2272
2994
4947
5549
10414
8940
10163
10599
8956
10924
1957
7538
685
1443
10194
773
1783
5169
4713
10677
10423
2819
7265
9026
7869
6731
3985
11316
5351
10967
4356
2929
4665
8188
3450
9256
6504
9356
8554
5359
2023
4448
8870
6585
11907
2949
10034
7813
9465
7789
3550
1592
11797
1678
3031
4428
6080
4478
10243
7804
297
6276
6480
10291
9467
5257
6685
11180
9485
6250
8977
2544
7148
9006
4909
9529
2755
2801
5753
1861
8872
1871
7543
5184
7422
489
10324
10836
1233
9156
1228
4982
5458
10424
10483
8820
9024
4276
6359
600
4314
2804
9323
1765
2745
10069
1297
1292
4727
1581
6939
8617
6691
10766
10241
2075
5441
1051
9507
804
9042
3904
10921
1406
7772
11171
11391
6369
10377
8499
5293
5407
9925
1408
6956
5292
10027
4758
11392
6673
7991
7889
7770
1549
8700
11632
1540
717
11553
11684
7849
458
790
7514
7053
10102
807
2992
10626
6849
4801
2371
644
5292
7139
1037
6322
6621
3298
8605
10669
10291
10058
6480
7377
5214
2811
8951
418
96
6434
10120
621
7560
7126
10699
8588
4024
10931
4706
1863
7047
356
2535
6141
3956
1588
9646
5550
6052
3247
5314
7701
11543
7445
1401
9193
9586
5115
3035
6664
3423
10152
5380
7213
8590
8854
11346
2200
8496
6478
8121
7886
8453
9423
3851
5315
8300
5633
11549
10061
5263
5242
7525
10135
10546
2344
2126
11315
7376
920
9540
3605
10841
5588
6671
2229
10818
10728
4787
5758
4665
1915
1664
442
8083
3249
399
3726
10630
11277
9813
1172
4883
6622
574
5678
9089
291
695
11855
10364
8799
9978
11844
3120
8850
7265
5598
5375
10244
1053
2801
3950
9014
9022
3096
4307
1493
9501
197
9854
2090
11640
3700
5066
989
9255
6074
2582
10834
11852
5295
8712
3630
1228
1982
355
10696
7390
7678
5332
5435
9141
24
5491
3017
10776
5088
5667
8764
2723
9043
11683
4120
4754
570
9067
11503
11583
10088
11006
3201
8175
5846
5300
10640
50
2354
3671
4946
4116
5363
2772
5660
274
3753
4596
11802
1040
10188
6705
2168
7892
1301
7827
7816
8792
6420
5815
7172
11553
5481
4861
8965
2222
1801
5040
10449
2592
5759
11914
7906
8240
5186
864
9401
6160
11432
4193
4058
11097
4551
2789
5847
10108
4964
6197
944
9685
205
3488
2150
6904
9994
2115
11718
11659
8891
7207
3110
6905
11188
5360
8782
4174
5426
937
9054
4260
6097
5280
8443
4033
11572
7931
528
11753
4205
4103
4505
5047
4805
6086
2023
7881
7330
155
7731
3404
6641
761
3155
2457
8556
4404
7099
8833
5212
4556
10723
10042
1859
369
7762
378
5744
3618
4060
11504
9612
454
3653
4564
1626
5006
1110
10994
6131
6735
9632
8758
9724
10671
1638
10638
2433
11267
5120
1519
4631
6594
9011
4249
8387
5943
4129
2741
9511
10634
10959
10346
11420
10957
1613
9377
4210
9616
6748
11783
5960
1925
5062
1545
10317
3239
3173
8279
2773
2692
3261
809
7832
3308
814
7158
10384
1896
3134
7446
1123
7879
6952
8582
7737
2316
4599
6472
2840
8830
6591
8577
2282
11060
2355
7248
7460
10424
5986
10158
6647
9643
10514
443
5131
3412
2117
11842
10070
5991
1016
7168
5494
10204
10520
5844
11775
9429
9733
2063
8142
7680
10900
9257
6443
690
7196
11145
3404
5169
8947
10515
6969
8005
9860
4208
6118
6151
7781
4431
664
7305
10827
8573
8056
5224
9438
4108
2086
3593
7960
9982
1693
6894
1837
5019
8652
5531
2296
1448
2975
7722
9624
11564
4231
4284
10689
3828
3759
6376
2340
11376
2861
10676
7602
4951
3614
1149
8322
1702
7785
3697
1970
7066
9629
9467
5757
7134
3961
6408
2056
3436
3922
2960
5316
7002
9232
4303
8219
7848
1507
2621
9795
5707
8314
158
8526
11855
202
5606
7170
2320
4785
10425
3114
11540
11244
6234
502
2709
9245
3213
2236
8595
2277
4716
9104
4522
807
8906
5912
1521
7402
8170
2403
8300
10114
1465
101
9738
1940
7465
6905
3034
7028
3454
7319
8407
6601
451
5694
9450
11182
6847
4623
2752
711
3102
8889
3326
6560
654
4894
5696
7180
5138
4473
132
273
3423
318
9588
6886
9660
5916
9304
4710
1653
10012
9834
3136
11361
8027
1425
1235
10171
8701
9215
7884
10832
1437
10635
6591
5523
8370
6704
377
9542
7157
5550
6200
2418
3818
1565
7894
5017
11606
4990
1520
6283
34
10537
5261
8773
9560
5822
1633
9960
6315
2906
4809
4547
5422
1203
8230
1608
5045
9245
3436
7377
6246
10526
10186
1847
2067
2638
8470
3074
6931
9365
6863
7195
4558
6173
6975
6635
7012
10714
10347
7844
3342
7502
10197
1140
5467
11825
3767
10817
3541
8275
7809
1688
6959
3924
3881
2563
6520
11224
5624
11909
3943
5126
7093
4031
5009
2717
11461
3608
10053
7821
9076
2264
8357
3568
4824
5079
7189
10852
3180
1574
9815
11892
1067
2645
7739
9760
9778
8331
2791
821
11732
10962
4336
1406
11745
6420
11980
4861
5703
10642
2596
2269
10225
7418
303
7694
2875
6734
11243
10702
9866
10516
7575
7221
3002
8621
11044
2459
9687
10270
3819
646
7383
10861
10984
3785
6763
1183
11150
7389
10078
9546
3093
1352
10886
3210
7159
10634
6310
7696
2362
3369
11375
3195
1702
1306
8734
2257
1143
5127
8225
10307
10037
11274
5242
8244
6489
11301
6734
6526
8204
1572
10974
10569
7826
6297
9815
8203
7604
2441
10211
1106
1400
6940
9137
1771
4665
4992
6815
9548
8904
10802
3288
11626
8540
7272
8899
3585
6721
4466
2113
9241
4749
8551
4387
4965
9200
7023
3418
11563
3690
605
11142
2977
380
7103
3192
11721
1937
7811
337
5908
11592
2723
7535
113
11253
2835
10731
10018
9364
8271
5459
909
1233
7725
6529
4577
5037
3903
8730
4010
508
9189
6505
2518
8529
9657
3923
11527
4420
3875
7037
5248
3658
1587
869
812
99
427
4752
5159
5452
2204
4662
5095
2862
136
7437
404
10867
8525
5392
11770
855
4964
8893
11462
5329
29
10785
5385
7855
8755
2399
8049
10536
7816
5917
5367
7167
2413
2472
5934
5922
1258
3175
11547
4520
2858
11572
8180
3223
11456
636
1521
2903
10549
3444
8382
4554
1783
6037
6899
3246
7373
9764
439
9432
6812
10510
10476
5878
1698
3751
2400
11149
7943
3244
9398
2683
10382
9428
8942
9933
1003
1261
4344
866
2545
4203
6025
1316
6128
11470
1780
2274
887
1433
4265
9119
1224
1162
11339
9158
11364
6653
2572
7491
3300
4137
11365
10341
7004
140
613
11415
8972
618
2669
671
2673
5470
1630
6107
438
4138
9548
5716
8577
6772
10164
730
10208
11554
10107
2600
1306
8306
8243
2834
909
3378
8946
2915
6211
5083
4569
964
3434
4588
230
2621
3912
8162
2252
9843
11756
3091
4229
10866
733
7320
9644
7551
11690
6012
3333
636
5869
8752
5814
5134
7906
974
2619
11174
9068
484
3216
54
483
561
11010
11068
7632
1162
5091
11903
9309
3103
6056
9947
2541
2891
6155
5812
7624
5987
8415
9703
6485
5805
8114
3959
989
6649
11045
1153
1603
9024
565
4622
11000
1421
3189
11077
3734
5679
4812
3180
2022
7401
8167
3536
8970
8684
5160
4483
8257
3538
9055
6412
9307
4909
3223
3031
1433
2070
11265
9072
3196
2442
1802
6369
2414
8521
2097
8096
1786
2603
3869
115
7023
3402
2303
4975
10658
7383
7215
8065
7391
9811
11699
2715
5851
7989
2303
7774
9103
2081
1895
3252
9967
11147
7869
5044
7464
1668
4163
10624
5159
6859
1832
9745
9163
1435
7509
11795
10801
268
4040
6385
8641
10518
8993
6074
8629
5308
6413
3851
11460
10932
9335
1036
1158
8814
1034
11747
7960
4101
1860
3878
164
764
11711
9747
7521
4477
5834
4130
9035
1316
1592
3385
6704
8419
6227
6630
5784
6324
342
10709
7579
5509
957
8704
8523
3998
5463
7214
1545
6473
11659
10463
8189
2380
7278
3475
4920
4883
1029
6136
329
10307
10144
919
7610
8804
2789
3366
2733
1544
9428
6125
11159
5566
5314
393
8715
2734
6800
11113
11458
1829
8975
10036
8835
4872
5391
6012
435
8114
8245
6410
867
935
1353
9543
3995
7971
610
9283
6798
11380
3381
9743
8531
2956
7332
8014
10672
10147
6738
10339
3294
11590
10119
5979
10055
2862
7322
9203
8909
11470
10735
1406
4935
7905
339
2312
1354
8707
3616
11559
2843
6004
7114
1624
3676
1858
2515
10171
2002
11051
8591
10302
8765
6530
1244
11062
1287
9788
3076
9706
11462
9818
3551
5855
4812
1044
757
3568
11308
2769
8176
6724
3916
8204
10558
11783
6231
2011
6137
4076
6372
1562
5874
5226
465
10758
2296
115
5594
6252
2721
4031
5002
4326
4243
6184
1650
2406
2872
737
11864
4363
8551
2825
8879
7239
1496
8734
10504
8942
5450
8472
11895
11698
9871
11436
9630
4699
1966
9695
2798
11382
10708
10584
6739
2189
6561
929
7368
2376
6634
3117
6675
2629
5344
594
11049
7695
1379
7035
1484
11199
10877
9544
10513
10987
8213
7655
6896
11074
3631
751
11619
1187
3195
10708
1696
7363
9151
8157
1532
10776
7750
7680
3304
1114
4951
1617
9833
9341
8154
9829
11855
8578
2211
5847
4391
9072
10454
10296
2069
3881
2314
296
6812
9908
4375
730
1219
2294
11256
3883
11247
2970
8758
3853
6488
260
10004
7500
1366
1981
2088
2386
2005
7358
9821
8212
3295
3315
638
7754
2878
374
625
6073
7301
6378
9795
11001
8492
4650
11416
7490
2039
971
9107
5321
2391
6879
828
10040
8147
11315
2594
8647
7040
6527
6841
6673
984
1404
881
5700
744
44
3712
2223
11317
1376
8686
7939
11044
7049
9164
2142
11747
1545
10222
816
5877
10637
3885
8389
3675
3789
8050
6769
10794
11015
8378
383
2597
10960
5941
3374
7535
10601
5213
1954
6537
1983
9284
3075
267
3790
9728
2207
11406
3316
11586
3909
2763
11533
7226
5226
8086
10456
10628
3665
2840
11925
5708
6528
7036
8140
4793
8877
11333
4953
204
9206
7216
4934
7151
9089
5922
8585
7731
3672
9133
875
9812
9804
3086
2378
10937
5923
6791
1826
2116
4548
2506
5761
11473
250
4356
5240
5204
9466
7195
1185
1146
7324
10330
4979
4508
10862
1653
3290
9886
9563
1018
5879
713
3131
1360
2278
8591
8712
4111
5726
6744
9475
1883
4661
11884
1563
153
1308
1306
4842
6910
1544
8837
10722
2705
6234
8549
11513
5500
9631
700
10359
9006
11164
8384
4741
11842
9114
7698
9855
7916
151
9005
887
7835
1625
5918
9269
6944
7744
4171
7451
3768
6415
10358
11551
7161
540
8773
9443
3409
7940
7171
3417
1788
5845
9268
1495
10794
3021
5152
11811
5259
1124
4485
6156
3017
10747
11517
9880
2563
4904
3385
9770
315
7303
4027
1369
11645
8815
5306
2379
7742
2883
10486
3382
10682
5424
3238
11060
1738
870
1678
10404
1013
9548
5678
7126
5881
2447
2790
1532
11538
9710
3623
2603
3120
6814
3345
7808
9368
5411
4223
6416
10795
8189
4722
7611
8527
893
3664
5699
11728
5748
7290
8991
11511
9065
2822
8654
1689
9698
6208
8905
9487
2254
4223
8372
8532
5637
7944
2242
5942
1471
3873
6061
1302
10383
10546
588
7565
6844
6493
7069
6603
7437
1728
11630
1180
2907
11711
2156
8527
9258
7807
5143
10498
11402
5757
9415
3446
4519
1539
2456
5515
11282
8206
3276
7951
7515
7912
9343
4327
4570
10320
4009
1251
9897
5918
7248
2175
5754
4529
4150
2315
9902
7383
4766
1518
11401
7611
11272
5063
9251
878
10309
11914
9633
7095
9519
1897
2891
3761
5869
11522
8171
3462
5335
4875
1746
415
4807
9024
2592
11670
1797
818
11651
3698
3595
11741
1483
8554
982
7650
2647
11685
411
8772
167
7660
4788
6269
1805
6722
4541
8926
1664
2036
11633
5250
1738
2854
11478
8255
6561
10561
9444
6659
4001
6672
5664
4992
4471
10317
4376
4304
3524
11618
7784
2675
2739
8592
7667
4686
11264
4807
6535
5261
11082
7028
2051
3984
11246
4400
1801
11040
11821
9488
8168
1331
3157
4586
5143
3117
8387
161
2370
11713
8680
8212
2529
9288
7772
1479
4363
8768
6726
6116
7242
7091
11583
371
8095
6785
5741
5196
9859
4828
9396
2422
8320
2206
8260
6280
7251
8366
7054
8458
6255
1918
9880
3830
7501
6503
5611
11128
754
8644
9826
10530
6690
2702
5558
4018
10417
4719
1276
4812
8443
3983
6038
10840
7065
2551
8620
2354
4178
783
7703
1261
3994
5075
1831
11611
2970
10566
6877
6893
5430
10470
1105
8415
10961
8990
7728
10014
6612
6469
3959
7695
7221
7419
10081
8549
8929
10537
5946
1365
2002
10590
5576
3878
5513
11214
5167
2424
2294
11220
5828
8994
3736
4934
3746
6321
607
1352
9261
9575
10011
1605
10442
7620
9905
7241
8292
5514
1337
7250
3575
9027
2606
1578
9538
11450
6993
7005
8426
10810
10582
5839
6708
5844
6815
10774
2299
7677
10071
2566
4867
1159
3470
10838
11396
11136
10420
377
5732
2679
5161
3705
10703
10411
595
9487
10674
10520
6166
3516
9032
3938
10367
564
5105
6373
7651
1285
8414
8493
6102
6684
10910
1540
4167
7283
9992
4015
4073
3216
8607
9793
8258
4856
1616
3144
7218
7399
1902
3612
8604
6978
9275
5548
10271
2442
8309
11354
114
1834
9571
8062
9176
1915
2510
11884
11394
8726
7385
4705
1717
9247
10127
6230
10019
609
9922
9607
5281
2122
573
802
1016
4544
3292
6906
672
2562
10664
11724
998
10368
4812
10655
1910
8510
9652
10822
5348
4878
3190
776
10925
9693
3359
821
8904
7833
9779
8133
3069
1576
2078
2294
11538
1052
3048
750
8376
10192
7924
1909
3068
4929
7468
6220
8486
11656
287
10524
8928
7643
10965
8370
8152
5149
9084
10672
4994
7370
4124
11213
7261
9181
8457
7994
5026
10785
7314
6238
10281
5913
2610
8151
3104
2165
2893
2084
9060
5354
6441
7773
8522
8378
4690
2651
9906
8219
10652
6988
5528
4051
7910
2687
10851
9244
11999
6082
9352
4236
9650
902
6047
5759
365
11828
8940
10842
5193
9653
1191
3312
1320
10042
9807
10150
250
7254
2915
1151
11837
7903
9445
5705
10328
9948
8062
3345
5850
590
4693
1869
9385
11591
9764
8352
9309
7782
1508
353
8955
10106
4249
4828
7412
4565
536
3007
7914
6733
9298
4476
1693
6297
6932
5168
45
11138
269
1724
9621
5972
7829
2876
1596
4426
8619
5042
6393
5639
7884
4234
3981
7100
6840
11681
3598
2412
334
2230
11813
6010
10727
4642
6410
8626
5965
1302
5430
1351
4910
5666
1986
8684
3429
944
6091
5747
8564
5036
2757
10140
9329
10671
5015
10466
1219
11
3253
1564
5492
5603
425
8828
7601
4656
166
4742
1849
10998
5784
1831
7413
4890
299
3751
10349
3018
3388
10058
10984
3544
4086
4456
8329
17
475
10908
8711
3212
3355
986
8755
1667
51
11196
9211
5712
10989
721
9765
196
1575
169
107
1937
11186
10347
6927
3055
5692
10984
4368
910
9962
8522
2645
9300
184
5704
128
5817
8585
5705
10122
4989
3301
9839
2906
3836
1606
6685
4310
9890
3664
1503
140
3553
8163
6366
3267
6792
10884
11216
6970
750
4223
8352
10347
7734
2098
3405
11188
8381
10440
10876
6632
10419
8568
1649
10267
1520
5303
3624
6042
9144
1536
10721
10402
3076
8232
9998
8544
11509
7494
11459
4486
11088
8314
8371
1866
3234
10042
7532
8931
11375
5333
866
9162
10353
2514
10133
2268
10356
777
9226
3023
3101
6534
5654
7440
1827
7493
8304
1285
785
6682
2383
10714
495
5649
2735
3031
7926
6432
3278
1139
2064
3699
11322
2217
2994
5546
6863
9450
8676
5995
2696
7359
11998
2086
9281
4373
9492
3744
8785
10672
2262
5225
7573
11227
1224
961
9655
9112
6660
14
7207
4750
4403
6102
2247
2727
3616
300
3923
7083
10189
7045
8583
6749
5174
4935
8924
8817
11512
10091
9964
8828
4411
11487
9476
6038
11346
10659
722
9867
517
4590
11949
5284
11914
6341
10074
1834
10824
7119
5360
7341
3613
9996
3603
3019
6084
9372
10449
7796
11466
11552
10953
10114
8286
2411
10352
7269
7889
8185
1235
5582
5327
8747
5906
3251
7582
9553
2739
5690
11815
6537
9635
10464
3319
11751
6465
5673
8309
6467
11466
3664
4462
8660
32
5421
10292
3490
224
3821
10974
4367
1517
2114
5178
8591
7946
3577
10735
5322
1760
7246
2641
8753
3068
6927
6961
9904
2692
4435
2570
6295
1526
5022
1522
4073
6222
7460
11945
3753
11823
1038
6949
10777
3247
8935
4927
7478
9104
8018
6932
3779
3304
9049
11471
6120
4292
6611
4117
3592
4446
4785
6740
3171
1324
8634
8967
4176
9859
3060
8631
5742
10542
3379
6528
6084
8780
4175
1713
6739
1281
10579
855
2714
10268
1032
4852
617
3696
10970
11923
9355
5358
6512
2851
3879
8892
8351
10806
11688
166
4458
5373
6496
3384
82
9931
1411
1474
10664
7466
11416
8943
7930
188
5676
7347
1309
969
10335
1881
195
5712
7990
10343
9249
9111
10901
8805
7020
2122
9266
11832
7592
11587
5529
6908
1835
11013
691
1009
6975
2425
2992
3823
829
2507
7082
11115
3966
5912
6956
3106
7386
8650
2403
8429
9020
10913
8649
8377
7409
1458
6112
8581
1395
2848
3810
6183
8444
4408
20
1720
9467
11641
11116
2615
10534
9170
4321
3093
1855
931
234
11735
3722
4371
6469
8585
9781
2849
697
4858
6124
6205
3578
9751
4086
5649
5747
734
3499
7662
2016
9911
1331
4496
8340
11676
2225
6198
860
9827
388
4702
5473
7691
2621
8616
887
6536
1965
9718
2007
3638
2524
10987
11772
3865
6467
5165
162
5492
42
2370
9171
187
8627
1212
11848
10728
3420
8165
348
5960
10327
6589
2011
8901
10917
11870
32
2595
4023
2541
10165
3443
10640
5050
9162
9205
2210
12
4277
6743
5238
10312
8208
6776
11333
2361
8183
11552
9395
9085
3724
309
7580
10902
2697
4749
7022
8995
1814
10486
10969
9571
3606
8535
2094
8648
1182
5390
9156
12
2692
5080
39
4595
5437
1850
1384
5381
980
11690
11598
8297
9319
4937
3993
164
6375
522
6095
7871
532
9163
5920
2307
2848
7912
8019
4426
9840
11945
9604
2952
9362
1348
5855
3781
5111
4855
7715
83
1699
11144
5073
3353
3967
7225
1141
9367
1362
4859
8213
5030
2730
5641
10643
501
2722
5504
7972
3815
6320
1880
1606
10346
585
9593
10219
1031
2778
2830
4309
3165
11350
8076
10871
9904
5104
4954
7125
11239
7929
8205
9536
295
10052
4817
7093
176
3602
5379
1855
8408
2587
10259
5258
10200
6977
1018
3460
4239
5641
5735
1232
11726
5227
9506
5475
587
9877
8369
8362
8502
3781
254
4475
2416
5097
6292
5960
631
9635
11934
833
10358
1996
5782
11996
10768
4453
6924
6365
7168
7910
8771
6684
7772
4638
9010
9211
2913
7250
9262
4378
9134
8540
2402
2861
1702
276
4202
10212
10461
5972
9100
9251
7754
896
5350
8885
5319
209
8663
4850
11587
5160
5710
4034
1733
7635
3422
9673
8150
5108
1042
9602
4634
3221
7196
2114
5667
5665
2033
5635
8559
10999
2540
9552
11015
5236
11646
5916
11896
1702
10588
7629
4410
11685
5213
3871
6973
6744
533
8134
3214
363
1808
10159
11280
8716
4782
10407
5659
11864
6454
2378
4134
11566
4845
10197
4277
2166
1707
6296
8078
630
8001
10880
9829
8851
2160
3041
5300
9698
5788
8969
5553
59
8427
7662
6392
11276
354
839
6500
11849
136
7496
3724
9219
11738
581
5772
6650
2497
3743
742
7913
6102
1913
454
4460
11970
6692
11480
3164
11986
73
5036
9478
1605
6005
11595
10984
10606
600
11121
1830
1577
490
5202
9429
5271
4949
11225
3065
1482
6776
2825
7672
5939
1839
3449
11093
11926
5317
8749
3475
3980
8274
4836
11245
1962
1159
11080
1245
3177
3139
8201
9105
7927
7858
6792
1825
8023
7319
232
9810
4207
6012
1085
10212
5355
3239
5666
3478
5501
2799
7322
2362
2376
1756
5321
7435
9110
9959
4862
11260
7103
3332
10801
2915
813
626
7080
3422
8301
11396
5653
2912
10866
4456
10865
1
2942
6827
5785
10836
5681
11450
9907
11681
2233
11476
2938
4675
3720
5903
5049
7508
10266
11654
2004
303
3160
10902
8023
8850
8340
7493
5994
10627
7878
2797
1851
6651
4985
1125
9450
8241
9290
2056
4216
3148
10759
3581
4101
2254
602
1941
11097
2227
3844
11338
3549
6963
7021
11412
8965
3590
3499
2444
797
7050
10462
11695
6835
10896
11415
5126
3405
2976
10311
920
6477
7063
4016
6824
6077
7225
8777
4271
77
8896
5757
2553
3469
9102
393
2048
3647
4200
463
4527
5026
720
210
7081
5479
9576
4754
5963
4630
3884
4216
9905
11945
10049
6611
2987
4871
4513
6551
5128
3931
710
3119
1566
6726
4292
9051
3405
4217
5546
2441
11382
10452
6223
9661
8446
3075
11617
2070
7579
4480
5729
7284
1478
8415
11775
6405
295
6118
2016
3592
2582
9740
4069
5686
6910
4851
11328
9363
5329
8243
3033
9365
923
10042
6798
5877
4134
4306
1008
1922
10391
11819
549
6930
749
4732
689
4203
1834
2964
6716
9999
11326
6981
3050
6308
4554
8578
11077
120
2460
4726
5837
9093
9264
1345
3946
5017
11637
2009
10787
6310
5962
3161
4010
11028
2520
2304
4751
6460
972
4955
3783
8381
4473
1790
2893
4373
73
11481
10344
5358
8769
7110
5133
7600
7631
4876
10030
9907
8886
4935
8016
9625
10667
7799
763
4233
11322
5615
1160
8976
3774
9926
10677
929
2346
10226
478
8261
5809
4611
717
8184
3109
5294
5327
2185
10282
1509
7885
10621
546
8513
9764
2596
6362
3952
801
3307
463
11732
9086
7598
6421
2883
2258
11491
8272
6527
5810
4790
7046
6134
4430
7597
9754
4644
10285
5669
5426
4856
9421
49
3305
4612
10089
3244
4049
9893
2812
7445
6068
2823
5400
11918
11629
5894
6888
6645
7376
6381
6494
3669
3175
9966
3215
6316
1938
8005
565
1589
9139
4660
9230
4477
10171
6298
6016
6826
2549
10089
8534
11595
8120
1663
11404
1972
64
10972
1539
11776
4374
9177
7219
942
3861
9411
2156
1602
408
713
9648
10403
2283
9180
1190
9156
5766
3602
2517
10788
10165
4339
4114
10785
6510
10150
2564
7938
764
11967
1897
2146
4364
3275
237
5441
4214
11797
549
3082
6958
10603
11166
2688
2425
6574
10070
6879
8612
6278
8494
6710
9353
11910
4460
7449
4072
10813
1237
839
8553
3445
11467
971
8618
10264
10845
8236
10953
8111
1754
5573
973
3029
1134
7336
6753
1291
6140
1555
8433
5565
11759
11261
8389
6670
4597
9745
4633
7329
4404
2239
462
6582
9681
497
1381
224
1864
3079
11577
5640
2052
909
10979
6865
11181
6756
9995
5455
2769
2782
2440
10949
5011
4144
38
11232
6025
8886
2048
8028
10398
4943
3147
2048
3001
6069
11658
1988
9119
9860
6532
3605
6499
4763
9177
3528
4779
3075
1336
9252
1037
11422
10630
5926
2824
1044
7220
2083
10072
7461
8251
409
639
4696
7302
9892
7025
11210
10009
404
3922
5052
8381
7795
11783
2470
992
10978
4475
3332
339
2318
9338
8178
10075
2762
1616
9584
11678
9728
2249
2759
294
653
8359
10883
5085
4431
7594
11693
342
4598
10550
11159
7966
211
4079
5854
9612
2741
6121
7682
11857
10122
5984
5161
4217
4255
2643
265
5649
5819
11607
9094
2389
10131
10336
229
6529
136
8893
10615
6705
11231
10725
9171
3583
7695
7904
5051
3536
9912
4102
593
7959
1357
814
4473
11160
4499
1966
424
10529
9298
5095
11129
2954
10915
1622
5494
10965
8518
564
2473
3082
6766
7099
10006
9147
5572
5972
7332
7111
10172
7572
5045
8842
2327
3796
7774
6964
4641
7444
11176
2543
3533
907
4201
6653
297
1277
3178
5434
10018
11804
8236
2183
8729
5729
8966
5359
4284
6053
6930
10078
11796
11679
7731
10748
10327
8633
4861
3938
7649
10705
11368
9410
450
4849
1644
5441
4291
1097
8217
2113
887
475
5420
3237
1968
1560
3180
1874
7029
2822
5861
118
8669
7797
7254
889
6040
3372
1240
11929
4066
10130
527
6015
11674
9683
9113
607
10153
1343
3681
6725
7080
9208
5165
2785
9914
2905
58
6470
6393
2721
1751
10387
10294
8759
5328
11358
4913
8005
699
2623
8779
835
8808
5072
10666
9492
1910
3814
9887
1475
5477
1963
5139
509
304
8478
849
10927
4738
9219
7994
3811
2658
2069
2805
5084
976
8050
3554
7077
2886
8829
4778
3648
1944
6798
5857
5030
1306
5148
10759
5881
10044
5904
2079
6861
441
7860
1161
2117
10537
5648
9111
2627
8898
1908
8978
8211
11730
10579
1109
5289
3881
10779
9916
1094
5196
11575
8787
78
9868
4152
809
8606
5057
1430
10278
7837
10024
172
7608
9775
4395
10912
4328
4036
9869
2762
7245
725
1829
11199
11656
2108
11768
5417
2672
8371
2300
11623
5240
801
9780
7879
1364
5085
7120
643
1359
2198
9420
7135
10581
4493
11333
4961
6165
10091
7873
11137
9703
9592
5422
4716
7588
5368
5213
6693
6914
3332
5419
9665
1381
6104
169
7929
2545
6870
6473
4285
7083
11003
10987
2751
8365
5632
9894
708
8717
11885
8944
1735
11129
2385
760
9411
10003
11877
3039
857
11659
3467
8092
4594
894
984
1429
8490
9784
11365
10683
156
7229
11711
10152
2091
400
3805
6597
7196
2290
8411
4667
6996
986
2520
3403
6957
2085
3024
4793
751
1835
1881
1179
4145
9119
890
2547
9388
9332
10554
7350
531
485
7290
11481
9090
7543
6356
5385
7766
3041
4411
5010
5640
2441
3481
6414
5336
1497
3382
6328
7100
4044
2278
3816
4560
4187
3075
7424
4124
8774
2731
1802
10577
6334
2321
9756
3340
11330
1840
4071
1228
1609
11237
2138
6211
6374
6054
7563
8757
3764
10315
6376
8810
3321
8936
1360
9255
7155
952
200
4920
8536
7229
9795
11775
9941
6101
10050
1881
4237
11506
5794
10024
10757
2705
9248
1618
4389
10556
3518
2574
661
10582
4117
10257
6899
7693
6342
2492
11149
1452
9580
10760
404
10156
5216
8333
6037
2755
2797
3998
6944
11776
9463
7400
8004
5948
6385
10682
827
65
11055
1205
1598
11945
11759
1580
2969
9924
2411
10042
9494
9376
8156
2435
5027
9121
2775
4607
9809
8332
1871
11009
4593
3724
3207
3572
1267
3274
9269
2674
3775
10652
7247
3049
10010
5773
10110
3975
6442
3523
11288
6859
2854
2754
6734
584
4436
963
11710
9519
10785
10920
1657
1061
6054
1558
8825
2894
1493
5022
9121
4861
7085
612
4672
8405
2741
4645
3151
9989
11709
2884
6714
7740
9370
7196
7655
6737
9550
8488
4487
7973
1722
9746
9127
2923
10181
102
9237
27
10297
5415
11485
9050
11375
10690
9605
4387
8432
10961
3613
10812
8406
5880
11398
5000
5794
5252
9122
7363
10695
2192
8492
7276
10492
9280
6913
4779
11081
5273
10928
3107
10603
1417
6053
1128
49
3317
7222
847
8907
544
9548
2568
175
1842
4965
5139
3625
4764
522
4903
3106
4996
8739
2551
2967
4348
3382
10019
6370
7563
1402
11912
8273
2589
11489
5606
2308
4837
9796
9287
11559
5243
7907
7611
2421
6543
2911
8504
8250
2225
8752
3824
3447
7977
9563
5161
4909
4228
1710
33
8437
6522
5632
11029
4749
7942
3252
1163
3155
10740
11901
783
4739
6545
5109
2817
7082
4179
6545
3965
5076
9132
3541
11653
9319
9093
3321
2123
10854
11764
7957
8006
10704
2234
1503
2026
8690
9797
425
7188
417
1890
8604
10899
141
173
622
6877
10382
345
3943
2579
8671
9339
9778
7026
9774
6922
2094
2526
4000
5463
6140
3707
4892
1801
6267
2614
2606
635
11531
5323
4746
11757
4670
7605
6189
3700
11532
2589
7601
6017
9895
2255
6897
3419
6831
6727
10821
9384
381
2953
3095
8609
8306
9287
1278
4820
9991
820
8495
6955
7367
8007
6640
4646
2760
2196
4425
7145
4117
6151
2830
535
857
3429
4049
8013
10876
3735
3946
9476
804
3893
4321
5363
11610
2066
3958
3868
8005
8155
482
6133
4819
10017
6449
8929
6630
7213
893
10586
8426
7456
9735
5583
8896
3727
6990
10192
4220
4263
9618
4
6802
5163
10180
3870
6387
332
1109
11979
352
7777
455
2270
9692
3012
11389
1275
3328
9355
8528
4762
7848
9384
7321
6165
2642
7634
2290
8805
11622
7802
3802
3308
6332
4325
1387
6364
11225
8128
6253
9126
6236
1664
8699
9053
10533
5079
11552
9880
8396
5400
8541
2679
11689
10093
6691
6592
11236
3161
8361
10840
11621
2166
3470
7997
6571
10104
7748
6273
3041
11052
6515
11700
9474
779
9537
11611
11456
9268
6920
4700
6068
5124
10809
2216
10747
313
808
5457
11282
1516
10594
6778
6860
9532
11117
4679
11612
10806
2055
329
6156
11043
9887
993
2942
6241
3962
3365
7961
7146
1374
6676
472
1217
9258
11729
7882
11643
1258
9619
8793
7770
7496
8947
1408
3488
10265
689
3163
5735
965
3666
4366
4177
11489
10675
26
5489
9279
1889
1767
3328
11710
7970
9822
2202
251
6659
3597
11838
6010
3181
4139
6523
11827
8879
5085
9068
11983
1823
8249
3612
894
7930
19
9463
10830
1278
1072
7453
1737
7763
6629
9031
7645
3193
3626
8354
3975
9135
8604
7103
6180
3473
8003
10576
6736
9667
4788
1801
8393
9063
1908
11994
897
2386
4090
4629
8072
1674
10832
8720
6169
2429
9164
2608
10834
11635
10880
2614
4828
2580
11405
3390
7790
30
321
4597
897
1316
10813
1755
1183
6315
4893
5689
4562
10018
5251
8921
3290
1557
10918
10706
8626
9046
4678
1098
4878
6496
3268
4513
2806
5320
8865
6689
8532
4574
240
11787
2649
11102
10179
2573
9121
11132
4370
6177
888
6640
1950
894
10732
2922
7246
3817
4017
346
11987
2764
4339
3117
9361
7085
7887
3181
3782
2317
1529
7994
7061
7552
9129
927
6956
11524
6564
8452
9617
8026
8181
10999
1481
7205
4085
2547
8490
2623
10742
1489
7242
4639
6746
6212
3819
786
1422
5106
5465
9217
6096
326
4190
4169
10409
7674
5583
8541
8971
7319
2722
4311
932
9878
10063
2405
8733
1472
7527
24
4331
3920
4755
11067
7616
8094
3586
413
8518
5750
9309
5248
5502
5736
2089
6451
8637
10561
9199
4265
5414
4624
286
3031
7711
6208
1908
3733
5022
5482
1890
8417
10082
2221
8820
9247
6455
1910
11092
3023
5427
11090
3366
11477
7733
495
224
6422
4169
5501
8961
5088
2091
11826
10119
10528
8050
10168
11302
908
2517
4582
5214
7866
6693
9970
4542
7775
3779
9867
8451
8849
9932
7034
1922
11476
1251
1966
12
4977
8706
10450
375
5197
8836
691
2939
5905
327
9290
11673
8925
9270
3485
1687
5268
904
6595
11654
6190
1120
6468
2662
9216
6733
3019
10068
5608
9760
4580
8774
556
1435
1772
2611
5617
4632
8015
7074
2442
661
1569
1672
3843
4075
7087
11501
521
9131
7231
9348
3511
4039
737
1806
1465
7834
6621
3279
8327
5963
2819
10683
4810
8161
9584
8838
251
2122
3358
2158
4018
8791
7565
10240
5583
7734
8949
3295
3694
6103
3571
8098
9788
4140
1454
6246
6866
7931
1161
5983
469
8327
5192
710
1266
3445
122
11539
926
7121
11777
7834
524
965
1510
8687
7718
1319
6778
1612
7193
8499
3726
4480
638
77
9382
2827
7536
2798
10308
5140
4541
843
3223
9579
3002
7742
1088
6840
5436
5130
11549
7448
2285
9829
1412
5764
6265
3432
8906
5342
8930
5583
3081
11000
6790
9572
500
10074
6362
10673
9686
10812
7020
11788
3426
11711
5306
7538
2008
1835
4584
10842
2911
6754
5476
3310
6162
1739
7480
6466
7772
5176
2490
845
6146
4919
2630
422
8231
6392
5912
646
9480
11741
3642
3487
2284
4178
1352
10484
1592
905
4223
659
7783
11608
8539
6506
7639
5470
2654
11869
4404
4052
6301
8633
3414
74
1743
4510
4675
5265
2358
4043
8038
5919
11695
5077
236
4645
863
7534
10083
7050
2304
4202
501
8672
7604
10570
5815
6479
5898
8404
11894
4603
11799
5793
11218
1703
11454
6822
838
1456
6391
816
8482
10167
1315
8263
6652
4328
3780
10085
6615
2205
4914
6823
9547
9109
6905
4600
2860
10027
10942
1411
1884
11612
6599
6303
6583
272
2373
5454
5862
4204
7142
929
2308
704
9775
10085
11814
7938
934
6108
7569
2570
9322
11114
6282
11284
8198
10522
250
3188
10927
9070
10044
1457
660
6914
9085
4297
938
2625
1258
1425
11098
8744
3997
728
6782
10679
9899
4631
1705
3289
5929
8933
2019
5424
674
2465
3179
979
10869
7923
9199
1662
4553
2557
7455
7780
9705
4166
4957
10689
2132
10913
18
2407
4614
2982
2765
2035
959
1956
4701
3162
9636
7991
7765
7367
8027
11520
4903
217
2118
5155
9096
11829
9578
10831
4139
102
10682
10969
10150
1146
1421
2534
11855
235
419
3336
4174
7764
7899
2807
7416
2252
10944
679
9629
2333
6715
8615
10199
7973
10016
5841
6748
7839
3758
4136
2717
4760
8374
2317
3697
658
1119
3430
8674
10104
471
1355
7768
5854
459
9372
6905
8205
6775
9491
4034
5003
6912
11917
1094
10359
4311
5050
10869
9843
1681
7725
4208
5951
3107
3168
8773
10051
10509
2217
11563
5837
1230
3877
9910
10437
2194
6080
3448
10927
10076
4806
10797
3857
2318
5289
9224
5751
8581
11032
5546
5143
6364
6691
3821
7825
35
1651
98
10339
11395
183
10562
2585
169
7587
6860
549
8457
5550
7221
4722
4172
2210
2174
4691
8896
2995
3255
9676
7341
5299
34
10449
739
5419
11115
10123
996
11892
2477
7725
10329
5488
9570
3221
372
8589
10068
7890
3376
1544
11961
1428
8125
6824
2904
5122
10598
9392
7303
2697
149
1692
9550
5141
2127
6033
1172
10816
11363
7837
342
9619
9846
6364
2272
7719
6147
2981
4467
3586
3835
8911
7634
10555
1085
8624
1250
8105
4096
5634
6349
1300
10710
460
3066
11533
11721
1846
762
11734
1904
4073
6297
3648
6689
7311
11050
1550
9625
2432
5764
3953
10458
10543
8107
10417
5649
4766
7042
2442
10515
11370
10658
11783
2986
5335
10099
10134
3067
9812
9513
3212
5633
7658
661
11669
5045
8302
8906
7059
4369
4753
736
11258
9585
3315
9813
6274
6217
915
4722
6294
6160
5445
3196
11137
4292
7599
2509
1907
9546
9972
8078
11719
1672
8941
6008
2775
8773
10977
376
5858
1979
3470
10522
5479
2254
11045
1416
7467
2342
3562
5384
5695
250
5594
10051
2942
3413
9169
7287
1536
10850
7901
5304
6500
6098
11389
8714
1317
4631
3845
9452
8213
3696
405
915
11068
181
4433
485
7553
5093
3353
5821
4061
7644
7148
5847
4245
7700
662
6350
9682
2465
4164
4397
1212
9808
4408
3498
5905
8514
10480
10497
5426
11012
9241
11655
10711
745
4017
9159
3446
404
9412
10563
2703
576
8728
2165
11450
7182
2473
7336
248
8154
2760
8095
2556
3364
11171
4963
7428
6678
8725
6164
9225
3267
2104
723
6095
961
6121
8814
5547
11433
2666
8923
8337
7384
4947
6959
5206
1667
851
9392
6642
11431
10573
2830
9920
4858
7439
2143
10059
7973
8889
313
10151
2263
3132
3634
9663
2466
7800
5732
2888
7919
166
3041
7600
10238
6108
10976
6293
6850
6968
7973
7034
10050
3821
5901
6012
6762
11387
44
7274
3075
2944
9930
10943
7866
5054
7729
3379
7496
10796
7770
3263
10531
2417
2924
4555
1875
904
1171
2507
3419
11001
2630
4623
1477
5504
7640
10499
9785
8427
4185
8855
10712
727
8045
2927
8610
8758
9469
8489
5869
4483
4028
4369
6230
3696
491
1211
9324
6115
1128
10548
9156
11196
7806
2895
7376
9855
579
4639
11729
11034
8146
10910
6898
9138
1651
5400
7304
5871
2725
2286
966
11815
7512
3939
10622
5379
6616
5026
643
11311
6477
8908
10048
9953
6627
7885
5089
5790
11619
2926
11341
1567
8105
4881
1165
2342
4619
18
1638
331
6077
5865
2707
6278
4809
881
1314
8268
7169
3427
10642
10550
7311
5754
2390
891
3697
9442
6112
3353
5200
7717
3175
10100
8385
1553
7788
2962
1618
185
3789
8961
9102
6891
11538
11841
4753
11415
10267
7910
6060
1314
5620
1074
1604
1821
1891
6930
8888
1486
5581
3171
5463
2878
11441
3236
5995
10072
8021
10285
11033
3433
3023
5042
5666
5357
5405
1898
6088
4209
3155
4925
11285
1577
3093
9011
11630
4290
7778
1358
137
5274
6751
4897
5426
10412
6866
3940
2176
7952
11323
3458
6881
6818
3305
8890
6222
2348
1739
5226
4144
6513
1720
6328
11964
609
2524
10076
7382
7684
5903
11911
9234
11660
473
6666
11146
6103
6543
10360
4940
10087
11592
7685
11734
1300
3901
1429
5099
3802
2435
10929
497
9303
5123
5854
6386
10809
3051
9266
987
1748
10847
11844
6621
10354
7680
7538
4887
6150
8793
1651
10615
8764
6394
7432
630
5130
6985
8765
10798
3269
1831
8385
3643
7408
10306
3283
9054
2105
224
3563
126
6338
3030
6007
5180
10189
4863
951
7292
800
3016
6798
387
676
7192
6620
11997
4242
4244
9758
7280
3678
9692
6203
8665
6656
11344
2764
725
2458
9730
7629
452
1308
808
11917
11027
2380
8553
7168
10550
10992
6550
8444
11844
4932
4581
7830
9566
3632
2485
2602
2265
6095
5186
6166
3896
10004
1799
2138
1454
9375
10126
10511
5005
3397
3587
7835
1306
10783
6803
729
10558
3988
8523
5709
9521
67
8512
6498
11294
9752
4237
2394
6521
1484
1868
4181
4593
6678
4079
9264
2637
424
8568
7334
10637
2114
9924
3839
983
1162
1664
8897
6098
4012
709
8021
10437
8056
7527
115
5278
3892
3361
5709
4158
1472
7659
6230
5603
310
5791
1340
10056
6742
1541
10005
9420
6628
2633
7896
6636
9448
6672
9110
1000
1885
11388
7932
8643
1328
2990
427
675
2568
7651
6177
9920
110
11828
11318
9030
4070
7097
7232
5917
9550
10593
911
5074
11649
8891
6939
9251
8999
11323
9428
9308
11666
10194
4951
10765
4772
10313
634
9618
910
4443
1055
9483
10630
10969
9424
6903
2812
11071
795
9898
7659
1061
9615
8377
2323
7344
10943
8011
8865
8555
11984
3454
10283
7977
8360
2543
8754
3192
5591
8137
3048
1218
799
10738
9214
1986
6446
2845
2200
5051
1196
11189
3991
7805
561
11589
10111
6209
3993
3094
11049
1231
3432
9419
173
3655
7044
2378
5124
4834
5004
8074
7497
9210
5645
2095
1751
2068
4156
741
8854
4999
8243
11538
7081
11937
3767
1865
3678
4387
6365
3462
6767
11616
8396
908
2920
6071
2312
9873
2233
2187
9629
3
7546
6008
9175
9770
9600
11675
7144
8406
1478
6853
704
11289
11594
550
8530
1676
10782
3560
7594
1657
11711
9858
1921
512
7887
10846
7725
5376
6939
7172
6477
7147
6642
9166
4899
2075
10351
4517
8770
8249
1006
882
9635
10430
5838
5451
4121
4228
3161
11301
10555
11590
8309
1471
4920
3880
7859
4238
3914
525
9624
915
1005
10297
782
8802
7822
721
1587
4531
4115
2950
11730
1046
2702
633
6272
890
11485
7874
413
11178
6530
1338
10991
9813
2625
2883
1672
5997
4411
7788
8204
973
2322
7728
11894
11212
7025
3100
7649
9864
5924
4117
1443
5346
11507
8298
11018
8292
9944
5540
8893
7864
1289
8936
2447
1567
10036
11788
11859
7215
4468
1007
11137
11570
11384
6117
4226
1468
5233
3584
5391
3856
3561
11963
4574
7184
9909
8596
4376
11984
10889
1139
11591
3232
8158
9167
4888
7222
8368
420
9278
7191
4884
10942
7439
822
197
2465
7733
5027
1393
5819
8948
5017
8957
9969
321
9716
11353
10511
332
9931
2487
4985
9023
11474
8099
11359
10311
4554
4503
10332
8755
5276
2829
7813
11697
971
2010
5011
4464
8335
249
2013
1493
6
9558
10554
9795
7205
1191
885
5073
7459
5375
8220
3117
5194
8779
4176
9758
9103
9439
9974
11715
7738
9668
2843
4075
7615
523
9149
9947
2435
911
3232
2004
11618
8275
7739
4149
5384
4004
11459
6496
1995
11361
8225
8098
8521
10648
11411
1580
11659
7737
4861
11826
1610
11783
8802
5331
1937
2078
351
1579
5569
437
695
3019
1756
6431
4824
7720
8804
9934
8916
2721
6788
9123
1039
4379
1215
12
6779
2696
2738
1971
6739
3629
3550
6402
3549
10825
11938
2862
8081
6007
4786
400
2063
7405
5419
1716
9046
165
11192
11999
3926
9603
5645
907
779
3443
5765
5107
11709
2858
66
181
5756
6178
3696
4418
4573
11534
8664
7109
6712
9522
8548
4467
10732
8113
3678
1128
5251
1593
809
10424
7186
11243
6662
10230
2056
7732
9504
11172
4141
5910
7054
6316
5624
5676
8518
217
2542
6061
9440
291
11448
3440
6331
6969
8131
6945
3659
931
4565
4710
4801
7962
466
9499
2949
8576
5396
9534
9706
10527
10315
2050
10286
1687
1797
9111
2679
4499
5839
3648
4098
9326
9240
8491
3236
8481
11009
312
1520
5597
57
5949
4559
8219
6651
4500
8366
1094
9654
4867
1699
7643
7562
3094
3992
1416
10628
4897
9884
8108
4108
6189
4208
9774
703
6206
9591
10389
11731
3998
8435
1758
9410
3608
10069
4977
6781
2157
253
7302
7435
10371
5964
3217
10104
8734
5534
5884
5545
10503
741
8848
6800
5239
11310
4032
9034
5302
9559
472
5572
8921
7573
7158
587
10989
5274
10522
4099
672
9158
8780
7509
11190
2244
5251
1842
11804
1884
3181
216
3095
7616
5314
709
6026
142
6540
7933
3072
4741
1470
9006
11895
10080
2595
501
533
4423
2963
7091
4053
7566
7876
232
7859
10650
7117
4148
6538
7104
10556
2714
9175
2483
5712
6522
6465
873
7977
8516
9768
781
2661
9004
1390
6056
10880
2682
6957
3433
8560
3527
2626
5636
5399
9962
6194
7764
4642
2663
11833
2829
10865
8692
5209
5786
3687
6357
3170
4331
2460
5239
3989
8975
2434
11322
6297
2538
10777
9944
5391
6239
7048
9510
4542
5924
5323
6481
10176
1746
4174
9083
1513
1745
19
9545
1273
6291
5143
6309
460
2236
5743
8810
11070
2875
5866
7798
3686
4481
9958
8055
8515
6151
7958
1514
10295
9120
10484
11404
5837
2438
9658
5960
5587
6069
1437
3579
7685
3944
10072
5991
10379
6427
4416
10110
4464
9891
1291
6643
9571
10737
950
2403
10692
6212
9945
7426
2230
10773
9278
3607
8151
6473
715
2488
10513
5032
11493
10182
4642
7720
9372
7080
7702
11097
4109
7112
2134
1903
11881
5735
4669
1035
4084
9666
7113
6549
11111
8595
9054
1024
1362
7639
2916
9376
9708
9300
6458
11360
7962
2988
10858
489
8679
854
7946
6019
8682
10797
9936
4859
6214
4908
7164
9964
5446
4478
3924
6733
10327
870
5351
3339
2355
5142
11643
8673
9825
4259
1563
4748
9477
2047
11199
2863
7183
6741
4389
4781
2434
6071
4007
7387
3852
9253
4468
11951
5824
1098
7371
11132
11562
10642
6091
8232
3532
5268
3441
9994
10146
9253
3200
10349
5970
995
7322
8052
3459
5861
4072
4011
7294
11687
151
4397
3914
11402
7981
1244
659
6077
3931
1266
7202
5892
8142
6006
6530
10097
1907
180
9721
1984
2240
251
126
5217
11309
3726
4287
9566
6819
5613
11028
11159
6229
7687
650
829
2855
2887
10993
9928
3450
7164
377
2231
6784
10472
1039
7059
3009
7387
2644
10768
8306
1953
3833
1019
6306
8863
479
10983
11242
5994
6430
6682
1540
11549
2015
135
8755
2709
9418
5792
1283
1719
6286
3941
3217
1690
5510
343
3977
8195
10126
8319
4044
5854
1627
11794
6160
5608
5701
11563
11759
295
9528
4049
3213
9373
3244
8350
11620
297
5029
11108
3427
2043
8519
8021
3078
3691
2847
9325
11184
5708
7569
550
10378
7727
1143
1193
10051
6129
2298
2615
10600
1623
8780
570
3589
1257
11427
7216
6426
4979
11365
8276
6658
5822
2383
11232
5945
9214
11111
9978
3038
2664
10643
10360
10776
6200
2567
7287
8138
2471
10118
9857
8823
3279
1274
11989
6613
4605
1081
6489
6947
10807
5369
8334
5671
2673
5223
8132
9857
3431
1216
11297
3865
1537
8358
4433
10507
3242
7083
3740
2184
3412
2339
8954
323
3990
7926
6402
7217
7739
4726
8225
10517
10532
9328
9616
3212
500
9752
4128
6819
2682
9632
2709
4800
7648
7136
3023
2910
7636
4319
3978
5202
2317
4287
62
4846
141
7680
9175
9707
10500
2458
10079
1789
591
7826
7426
11219
6845
371
7513
5320
203
2078
499
7668
11262
5890
756
10647
5463
10803
351
8088
7998
3268
1373
7999
5002
6711
6864
1150
7859
6524
11593
7503
1082
11694
6705
6955
1250
8492
511
7838
10857
4230
1223
11876
8703
10095
10415
9971
5585
3406
2307
9259
6564
5384
9655
261
10961
2616
10130
11764
516
4895
11491
10241
6748
4958
1699
147
6607
2866
9322
3357
10864
7410
10126
4295
2451
864
1738
1986
4120
11797
5555
11288
10278
11365
11798
6998
2754
11620
11659
10298
8509
3845
7972
9192
954
2789
6626
7124
7516
10907
9160
10877
533
9295
563
153
4253
3020
11209
2908
11927
9885
239
8540
1417
7388
11353
1471
9693
2774
7077
6425
3820
1516
2004
11915
8671
4450
5342
3951
3641
3012
301
5924
9989
9609
8414
2914
5227
174
2851
1327
1084
2275
6098
1814
11120
6903
10080
850
4902
3153
6874
126
1978
502
3615
5098
8455
9249
16
2565
6062
7889
3123
6064
11909
8826
1505
3170
8964
8793
8021
2469
10370
5714
2643
3973
9248
11458
4486
9225
11542
2053
3313
6076
666
11417
5186
320
3427
11485
2790
9916
635
2881
8149
3414
5247
9868
4020
4528
7642
11282
4199
3458
1743
9541
6316
585
1242
10520
9372
11619
8043
2196
359
9032
5328
11471
5746
10815
11255
10397
6450
2100
10346
11289
1093
8154
5969
10804
7928
4493
9121
51
785
7577
7825
11135
6666
9558
7970
8304
374
6995
4337
1925
10586
6221
9771
2046
2263
7230
9132
11118
6098
9496
4664
10695
2897
11038
4778
551
7393
2358
7056
594
7888
5530
6376
6366
1511
11778
591
5594
3504
8276
1085
4403
7102
4724
3772
9266
7939
8392
1759
4617
11811
905
3901
291
4783
8906
11852
5569
195
10088
2000
1562
8125
7705
1782
7043
11108
4745
6407
8567
7699
9349
11911
5815
10466
9862
7686
3576
1499
7065
8323
10654
4319
10685
6561
11197
2285
9197
8566
7567
4151
6210
1509
7836
3407
7432
1528
1363
11324
11208
1717
4620
358
3080
4627
10566
10604
4588
2048
2313
11490
6712
4481
3728
1666
4888
3703
11790
8302
1457
10230
8194
4525
697
11247
603
4735
7250
7685
1362
1799
6806
11676
1191
5886
2326
1470
1477
11728
3868
4178
7281
11568
1260
11336
10023
8880
2395
8290
8027
9134
3856
11815
747
456
6856
5095
8428
995
164
11387
9363
5115
6699
9147
7585
7240
3945
2328
8990
8253
4071
3791
5326
10794
5860
7420
3362
6642
7057
3550
2767
7530
4694
8683
4860
6367
4215
6250
1331
2749
1909
2309
11424
8968
11210
8558
7797
2470
3810
6972
3363
11717
7354
9597
7910
2929
6646
11676
8152
2952
2828
2327
6098
8725
2920
8321
8215
8389
406
3339
3858
5025
2212
5154
9789
7331
2460
6758
8339
4260
2820
4287
5872
8698
1050
2911
9683
2721
9503
1436
1336
3799
11904
1437
660
9490
3635
9069
7232
7777
60
1515
7159
1118
3053
11129
10338
8626
4002
10872
5061
6476
3910
501
11006
5731
55
2255
10061
1204
7823
1401
9342
10828
11855
11028
5970
2170
4611
5852
2770
7325
683
4571
4059
11373
11926
8426
1033
10887
11461
9157
977
1704
64
2417
7672
5227
8212
10967
1797
7987
1267
7624
4030
10008
11771
2929
1744
5728
9799
10908
10830
791
3553
40
3134
6987
2103
3702
5370
3934
10171
4855
3087
1795
1328
3641
3388
8392
6701
3803
10559
549
5530
10488
5644
11300
11388
6010
10225
3790
9840
5520
4252
1307
3599
7303
9783
4794
7892
10562
6827
10537
7809
5052
10206
1409
4819
9817
3489
9141
5424
543
5498
8532
5103
8688
8759
7324
11232
537
1503
5684
1581
2748
1411
802
6292
8693
10307
9066
6904
5037
8315
10584
10033
531
3782
4555
3739
6852
5320
3021
1391
10600
4829
9033
5030
2212
7232
7030
1754
7524
5842
2487
10583
5157
1924
4420
11530
3601
6976
4299
9308
4065
10623
252
11119
8629
1726
6138
11386
4151
7437
11127
110
4622
4400
4896
1673
318
10150
361
3465
1093
1005
10067
8633
1547
9340
7936
524
5583
8111
11009
6101
2973
5873
6169
11599
11091
7232
498
4165
8844
9811
11017
3970
9096
5270
10008
4474
8521
778
9926
2075
3827
6574
7123
2257
2687
8845
2172
9689
6462
9153
526
4361
11954
9965
6591
2894
2926
8604
4957
11601
3021
5020
2635
3629
11960
8282
1589
717
6565
6514
1666
6626
5126
1278
8233
4230
8043
7961
4421
3524
3438
738
4786
5514
11552
2026
11561
2954
8264
6077
2357
5349
7955
8453
5225
8402
3200
11635
7488
7286
1412
3830
2520
2636
2562
11318
7892
8092
11507
8243
8861
2505
5188
3773
1121
10596
7138
10863
2082
10895
3208
5645
6607
7207
7341
7506
9252
7645
6463
11460
4473
5431
11214
6227
5097
4227
10235
9686
11558
1654
10131
3981
11971
9967
4978
11508
4059
4512
2395
408
4284
632
9694
3883
11226
8129
5520
9784
3318
7146
5657
5397
11526
10529
4301
11181
7340
1267
10129
10495
9695
7512
3855
7894
4955
1995
4762
6614
4109
3299
11794
10171
10592
1520
343
11772
882
10233
4715
10301
4079
8506
6561
11164
6132
843
9159
10097
7197
5506
2466
10301
2813
6561
10239
7837
5153
4305
6292
5251
5558
8388
4078
10686
11892
1988
10316
9522
1941
11816
9254
9674
5167
3531
5426
4134
11580
5288
11407
1252
286
3713
11062
4424
5516
8503
10191
10493
6465
4138
5222
8149
7266
11866
4740
1961
8703
177
175
399
4002
7365
8809
11327
1103
7616
8583
1909
7248
2187
9781
5748
4567
9809
7684
6280
5539
5362
4702
4076
4766
9140
211
2676
10455
4736
9505
6929
1340
9576
9730
7545
4449
2567
619
9690
2220
132
7050
7896
9899
1038
3116
2461
4004
11
7404
9696
9797
11992
2570
8030
2323
1253
5035
3918
5503
181
8809
7895
7087
7660
2901
1806
7988
8324
2727
5395
4574
11812
2134
5877
1976
7275
4321
9987
3241
6960
10953
2241
9422
1594
11136
5727
3215
1600
3686
2750
9738
11824
3282
5988
8362
7524
3572
554
5190
1761
10206
11479
10872
11141
10037
5587
6891
2026
9365
3598
1263
865
10081
5547
7813
222
6012
167
11751
6372
4478
909
232
10990
10227
11605
11885
524
6446
1512
2037
10241
2389
2581
6379
9739
9465
7285
11320
8878
5254
3184
4066
1635
7907
10635
3670
4299
11814
677
9887
9716
1157
1071
5589
6969
1098
1868
2846
9907
10899
3580
4464
6373
1103
11140
9845
2749
229
5332
10499
7639
5013
8205
4327
2021
6278
238
1046
9126
5888
612
9643
5618
9002
11925
8745
10275
9986
1066
10075
3457
9837
6655
5899
10028
11898
10599
7418
8223
4854
6762
8509
7097
1666
7642
70
1744
8124
10125
10384
4395
5043
6049
525
4793
7935
8244
8755
10912
5093
8106
6206
1123
5552
2459
1811
1348
4277
5598
9562
1512
1181
4859
9578
784
9216
4945
4334
8640
10812
1426
4562
8700
11282
7492
7936
6573
8619
1964
1590
7631
3218
10967
2851
5660
4577
4362
7250
4758
2926
5178
2977
8649
1976
3729
367
9738
10627
9980
9842
6796
2505
11956
9936
11052
8534
2569
10602
9789
1573
8255
11927
4195
7235
4142
4761
8267
3540
8205
5388
7980
1945
10979
1518
10735
5533
9872
7268
8261
4803
9982
4667
11679
9511
10540
8384
11384
10378
9731
4984
2662
5269
2596
7945
8640
6573
9093
3000
9219
2023
4126
7067
4039
2080
8438
4108
7332
9281
2764
694
8687
8569
3501
2904
8282
2647
6335
10345
4069
2782
951
698
3686
9242
848
11113
11535
4698
1697
7107
5509
6412
3384
5338
282
2949
8988
3660
10842
2388
4424
6373
5138
1651
1352
6333
256
10586
5156
10868
430
9826
5424
6936
